451
977
331
1963
795
496
88
1684
1694
1983
1120
400
1133
607
1602
696
634
1253
325
1765
192
1729
784
1206
1754
810
685
1969
219
1292
1890
177
1808
1237
1337
85
919
739
1758
347
1283
136
469
589
1918
946
1101
1491
1869
114
1912
1355
859
256
1255
913
590
1301
625
1776
500
1354
397
1825
330
779
1687
1560
605
1663
93
1288
561
543
1243
1405
568
190
1054
1956
162
1290
1739
458
1680
807
1129
298
1551
1112
65
1388
1080
14
641
1183
1719
984
1525
151
1383
280
1008
11
303
897
760
1511
1806
624
1134
80
1350
1891
355
1250
736
294
778
1402
107
670
1672
1453
441
447
653
1224
520
837
572
168
877
1222
354
675
1760
1230
1232
69
1072
1791
395
1145
773
1399
1158
338
1487
110
1562
511
1025
1494
1727
1834
189
555
1021
158
1594
900
1281
771
1603
1837
39
1241
715
326
1736
661
1420
510
1187
224
668
1393
0
791
1572
455
1213
1122
1390
1743
857
1941
487
1763
1543
868
680
1914
553
371
1090
1604
1975
96
963
292
1665
382
306
1584
978
52
1939
1088
808
1644
286
1062
1840
92
1787
1172
609
301
872
237
1879
1589
965
681
113
1538
591
918
1987
342
1642
15
826
623
213
1708
1629
558
1348
332
1994
566
1299
1889
130
746
1996
188
1925
974
56
413
1079
541
1946
1769
594
1066
1726
1462
1750
316
477
1256
1660
1346
626
960
601
1295
243
735
1412
1307
507
1949
646
1601
776
659
1377
149
956
1245
809
1436
10
1616
518
1252
903
1269
417
706
1971
181
869
272
1216
1756
1503
526
1367
68
710
1490
1427
512
832
1094
254
1273
678
89
1071
551
1816
1802
802
366
1379
834
1781
389
583
1091
21
1007
293
1103
968
598
1552
1236
1376
1955
1795
194
864
757
1284
229
580
1640
1106
1867
1027
1823
516
44
1189
399
1194
1475
1334
376
1670
569
1536
1386
117
1810
450
671
1046
867
1086
119
941
563
161
1841
748
1907
277
1095
1246
703
1978
59
1384
752
295
667
731
236
1606
1227
1967
463
788
1757
951
1954
529
1277
881
645
1418
1877
536
1297
245
1964
310
1329
46
1544
847
1121
465
1053
1667
18
1610
215
1569
1276
862
1514
377
1697
858
1541
1137
103
940
499
1896
947
608
1257
112
1202
442
1524
1873
1666
705
5
1242
340
762
1744
923
1882
933
408
1184
1417
1770
1464
109
1057
1900
907
1327
76
1641
693
1249
345
1039
581
1098
1661
242
1456
1854
527
1915
1064
638
321
1599
1029
892
473
894
1979
944
262
1849
911
1811
651
84
1181
732
1114
260
893
495
1215
994
62
1989
937
1015
1701
1529
1593
145
915
1440
449
165
1714
1801
1127
797
1947
324
741
1637
1442
30
381
1010
195
1872
1306
220
1113
738
209
686
34
436
754
1168
1607
361
1653
216
1339
1826
682
1617
717
1508
640
1659
1287
1998
238
1097
1855
322
552
1108
1561
570
267
1404
78
390
1439
1431
1547
993
6
1864
1320
1878
163
1664
1146
515
1700
1117
1707
1419
1013
58
1034
878
1011
657
384
1586
1163
786
1669
156
1444
660
300
466
372
1265
108
1070
1870
1310
921
672
116
1452
992
1899
615
1233
1322
299
1285
698
283
315
1370
144
1592
961
428
265
949
1271
379
1403
1516
1371
538
150
1504
1722
323
1796
1995
67
1679
1317
263
861
1483
916
287
1517
597
1999
865
64
649
1454
513
1484
309
1898
1128
656
1319
1557
813
1415
433
1835
121
619
1161
471
16
1212
1590
457
1921
1432
385
1632
792
1335
533
744
1832
803
70
1615
962
942
955
438
225
120
1648
632
228
1397
35
1186
1565
214
464
756
976
794
1725
1548
914
793
663
1742
166
761
980
1692
261
1675
544
1207
805
1401
370
1041
1203
1338
1958
1804
1800
1486
753
1577
1959
1673
549
210
1583
308
1214
1937
560
175
1089
571
406
1982
785
972
1689
12
1126
1880
1231
912
1793
820
273
1308
534
1620
45
1312
871
611
1991
1004
767
1970
922
1512
183
1154
1649
63
979
983
1674
302
1706
502
1786
889
1783
115
759
1662
1067
633
1340
905
755
1461
476
1
1905
1294
282
1081
485
1533
480
1433
777
1472
270
1457
1111
174
1981
1759
1677
539
1055
532
1124
1929
1479
185
1248
367
587
1570
1794
410
1270
123
883
1228
1009
1609
1369
627
1044
416
1380
191
1773
1608
482
1713
1364
90
1459
1718
854
296
783
1571
1002
1495
401
1226
1509
129
562
1993
909
545
22
1143
1132
1300
373
356
1624
508
153
1489
1105
674
281
1819
882
765
1408
1859
8
1720
843
349
1614
1018
396
1223
1830
1378
908
1917
574
71
658
1857
1344
1619
1375
1023
1935
824
445
1425
358
967
173
1342
391
1545
1986
775
1389
842
363
1469
1860
54
1578
695
1082
1703
248
470
1587
1359
575
289
1724
1125
74
1549
1156
421
1030
1521
709
1798
1019
1764
380
1704
415
1279
573
489
528
1247
95
1755
1711
1534
346
886
1576
1180
1169
935
1368
1443
1316
644
131
1165
836
364
1042
184
1099
208
1481
631
1347
318
1407
821
988
1422
28
768
291
985
898
392
1333
1775
1049
827
1468
501
1314
72
1957
1568
1530
606
169
1894
468
1843
182
1936
1195
521
1522
50
1579
351
1582
547
1282
197
804
1861
1083
1426
554
874
285
1447
1193
1136
1506
614
1280
550
1309
53
628
1789
708
1262
232
141
498
1315
1920
1990
1862
422
105
1449
431
1177
1651
841
429
1539
817
604
1352
1550
764
1910
743
37
362
998
1421
1646
1305
125
1017
712
1116
1626
180
747
1671
1655
205
268
118
1836
702
890
221
1645
700
1902
327
1681
4
1313
1311
1096
1784
612
1563
840
895
1633
341
673
1984
233
1752
1771
486
1109
1204
101
1510
329
1817
694
1234
475
1554
1916
1827
750
60
1324
439
1100
692
434
1416
654
424
1734
452
1003
187
1612
697
1118
1753
246
953
1597
584
1052
48
1977
1365
1225
412
155
1972
1005
360
1191
1863
982
1518
1611
454
1148
1824
975
1813
453
137
1353
576
1528
25
1123
492
312
989
1493
1965
328
1974
404
1735
973
1621
1331
38
1413
135
849
1688
1429
637
1385
193
1414
446
1238
884
1001
1266
250
928
707
1643
211
1595
1897
852
1738
133
1558
350
1142
284
1130
1485
1178
100
1438
1115
506
1768
352
1702
1259
403
579
1476
456
1790
713
1395
275
856
1235
139
1031
727
1200
437
751
13
1424
435
1741
1847
782
1356
1658
164
540
830
1924
223
650
1942
1261
405
1678
722
1960
305
1162
61
1709
723
1166
1073
806
1304
448
1033
87
1805
176
1944
418
1846
290
1938
740
1480
1922
725
1639
925
517
57
835
1815
1363
1144
264
1188
1272
1782
1211
1411
655
766
996
1441
423
41
201
1772
1258
522
1535
1668
652
1063
530
1450
1858
509
1930
1934
1555
848
720
1585
247
811
152
1445
394
1740
1471
1087
845
122
1381
990
602
32
724
1820
1326
249
1833
711
490
891
1291
138
796
1732
1556
683
42
1851
1176
1909
1343
899
1138
419
1153
1596
1045
814
148
1446
1022
1884
368
1845
801
1976
1647
728
969
274
1303
474
343
1372
73
772
1170
1691
227
1366
559
1693
950
648
146
829
1199
1492
2
1482
1028
337
1217
1387
578
1853
1940
1809
320
1566
1906
81
1488
1520
1239
241
823
128
1423
716
719
478
1198
1943
99
432
217
926
1696
20
676
82
595
1598
427
816
1515
1396
1478
226
850
586
1766
1797
1737
383
1575
244
1892
943
1394
49
1357
906
662
1933
196
1458
1966
948
621
1723
1208
1526
86
798
617
1325
230
1952
666
1398
171
1874
319
699
1613
1274
198
1997
535
1895
77
1074
1923
1040
1173
1060
828
212
1581
1374
1085
1263
1362
425
186
1698
939
357
822
1829
1328
98
995
1149
1968
29
1321
1174
781
1531
1656
818
1059
1850
742
1336
251
1868
959
920
1881
126
758
1654
314
1638
603
1014
461
23
1358
1498
875
1625
222
1871
879
1748
178
1699
271
1196
1733
142
557
954
610
1730
55
525
1192
1341
749
1065
1318
393
1507
1382
593
910
202
1779
344
1298
1218
83
936
1762
483
159
1466
494
1865
790
472
1448
43
613
1171
253
1221
1631
111
1717
1885
317
1006
1683
1686
556
958
1799
1104
887
1016
1470
1035
1048
3
896
1838
622
407
1078
1767
1264
564
484
592
1240
1567
104
258
1268
929
618
1919
1580
1069
1839
730
257
1474
1102
1751
924
31
780
1848
297
1151
548
1605
79
687
599
398
200
701
1141
255
1745
460
577
1075
1505
1278
311
997
1831
1131
1209
567
1360
987
689
387
143
1705
440
1908
774
1437
1332
269
1160
876
1093
488
1588
986
1622
1345
647
172
938
1888
353
684
1951
1092
140
160
1229
888
1807
636
1747
252
1852
1210
1749
737
1155
479
1715
885
1980
17
1302
1540
971
335
1289
1032
904
787
94
1731
688
497
1887
147
1190
600
1828
503
1685
66
1323
339
1000
1473
1950
1716
1220
799
206
1926
1201
839
1061
426
307
1927
855
546
1056
1391
1058
443
1904
359
1392
127
1618
1119
430
880
1293
1167
616
1496
1107
642
1037
1988
519
635
1564
934
846
365
24
1373
231
844
386
47
585
1901
199
1157
1502
523
1197
1465
7
1110
714
1139
639
966
1728
75
1455
704
1409
414
1051
154
1050
1842
276
1591
853
630
596
1497
409
1712
1047
459
931
902
1886
204
729
1635
1076
97
1185
825
1676
565
134
1788
388
1026
1573
1876
1532
462
106
1463
733
1428
1024
1822
1500
866
1523
444
1135
815
1785
19
491
240
1286
819
336
1913
1682
669
1973
1537
51
917
718
203
726
1513
514
1628
1175
279
957
1761
1948
1219
1780
207
304
1695
1430
677
1519
1818
769
36
1690
1774
1710
679
1275
1477
964
402
179
860
1179
26
1903
1406
411
1721
1038
259
991
1140
1657
1844
124
1856
629
1746
334
833
375
1792
132
1182
588
374
1451
1803
1945
1992
1068
1630
1351
1778
420
1410
1205
33
734
1159
504
170
1636
721
870
1435
313
1400
789
1542
1460
9
1084
945
102
1499
1931
800
1152
27
1985
1260
851
665
266
1553
1777
157
1814
873
664
1574
1883
542
1164
235
1962
1296
524
1875
348
1911
582
831
234
1150
1928
745
91
1147
1634
1036
1812
1434
537
278
999
1623
1267
1020
620
1866
970
218
493
1349
167
1251
763
1821
690
481
1953
930
927
467
1330
1077
1932
239
1652
505
1244
531
770
1559
838
1361
40
1527
1627
378
1467
1012
1043
691
1501
333
1650
812
1254
288
643
1961
901
1893
369
863
1546
932
952
981
1600
