953
1585
1921
992
526
1191
1456
478
1996
1269
644
1873
15
301
588
804
1047
399
1527
1143
1441
989
1711
1140
949
843
362
873
322
1744
930
1110
155
784
1549
1918
19
57
1494
1826
682
790
1589
1303
1333
1492
1359
1539
570
849
935
488
1204
278
1569
365
433
500
989
1520
585
1084
1299
1585
1455
381
1842
512
912
1666
1045
779
918
497
367
1459
468
1862
243
955
1988
443
708
229
950
11
614
1739
1052
814
1869
1230
1090
679
1485
602
1784
849
1184
1484
801
1788
1397
1724
273
1028
673
642
859
1668
949
229
1548
1973
416
927
1620
1603
774
1977
1101
28
153
202
1562
28
236
1917
1162
520
1295
440
1196
1521
1226
1969
827
1501
1933
1986
1374
1273
1647
584
1841
693
149
1652
1386
74
895
264
1463
1973
57
1965
586
206
559
1616
567
822
1723
438
952
289
1484
261
1540
1048
450
29
639
771
1892
586
1603
1954
1455
1017
1045
1206
766
1708
1777
624
460
1552
312
385
682
1545
1274
313
358
935
1391
159
1158
1796
287
1377
1137
717
1934
196
653
26
1119
564
1017
1767
137
1023
999
96
1073
1381
1266
418
762
829
1152
1019
1929
987
1868
1986
757
1200
918
1795
186
1711
490
1344
935
484
423
1936
267
1357
473
1807
1325
1455
314
18
443
773
133
18
67
1421
833
406
582
1290
772
908
159
1330
1225
1830
1459
1433
27
1225
768
961
654
310
708
703
1015
692
140
1307
1757
1653
244
281
636
16
1287
1950
213
813
1009
92
296
1720
1156
65
1492
840
1789
1611
1147
493
388
1169
45
1109
1551
81
1044
1663
944
939
896
1515
90
896
1037
14
295
729
1126
176
278
567
1859
1688
1982
1324
1057
9
1837
669
1113
1889
209
339
1716
1490
580
975
308
1739
523
1875
1174
1099
1989
1983
150
661
1876
1862
761
1782
1037
541
176
821
1420
1030
1303
1036
888
688
752
279
94
521
1365
560
122
466
687
1969
105
1683
1422
1168
385
278
179
193
1458
1092
931
896
95
143
270
996
1916
1856
1739
31
809
1916
1139
1257
369
461
311
764
451
1926
31
970
1079
876
891
610
1800
1857
694
1972
166
1938
543
1323
921
484
1577
876
237
1554
1524
785
1081
991
1466
319
1256
52
915
944
1217
1189
1427
1170
1666
1252
1098
1765
380
81
1549
1343
758
1169
737
1010
769
1986
1808
1056
1408
1464
767
91
1788
853
1221
432
468
1758
256
1227
818
1194
114
1344
1658
1793
1796
914
1360
1821
390
955
946
398
1513
1694
1671
561
80
1903
1823
491
743
833
1940
1772
4
189
1951
1467
1399
610
1859
56
221
1151
1641
1145
1139
1964
101
254
1261
1883
611
1490
1220
134
105
447
700
130
1965
1478
131
284
1269
776
990
937
151
408
1270
1107
889
1669
1316
1404
52
640
153
100
1089
1620
1770
1940
533
1242
1353
1527
199
634
1424
1703
406
1256
1283
1449
1261
791
670
1808
296
468
799
244
245
1048
1177
835
1477
480
1187
144
194
1715
1443
385
336
1344
79
50
805
1106
1295
1954
1806
1543
956
1633
544
1257
1218
31
145
1550
1852
1769
271
339
1394
358
285
883
1148
581
272
409
1077
436
297
855
480
1755
1988
1782
1058
407
837
1347
777
1505
272
182
1743
642
595
566
1283
626
1273
171
1091
886
811
1019
1323
1177
1619
868
956
914
71
172
1133
28
1726
126
1725
126
460
693
1696
143
1267
1185
863
1671
1096
1769
877
537
574
1776
1087
526
1183
643
445
1620
1556
1428
676
1249
508
1090
1486
190
1289
97
1268
1274
719
262
1153
826
1799
1572
1487
669
1604
300
1842
1902
1626
1829
1612
438
1979
1261
146
980
514
713
519
446
565
1089
217
985
1368
78
366
1171
105
729
1042
1676
849
1394
1519
3
908
659
956
733
208
1542
1475
416
5
1946
720
737
1248
1636
761
348
74
282
550
704
1417
989
1138
1582
976
208
954
1173
1174
1484
814
606
910
604
1800
944
1671
702
1616
417
1269
1578
737
781
1287
526
862
526
1463
868
1655
1343
311
409
868
88
1615
1863
649
1036
63
1622
666
1345
889
1394
1384
323
1797
1625
164
389
514
841
672
1187
178
752
1013
1086
1810
1548
435
372
1820
1259
1693
1711
118
752
1905
561
1453
1993
1363
467
839
1964
727
1714
1024
1169
1355
1181
1808
931
619
472
1700
898
1101
235
985
1921
980
1440
746
777
593
228
1096
299
1798
1664
1589
1794
847
1695
1038
1249
515
479
682
1813
450
233
459
1218
263
492
333
582
1590
1305
1546
1166
38
1278
574
1402
620
1808
397
712
1238
913
1450
498
815
182
229
383
114
1798
1778
1312
1847
845
1500
1501
1071
17
434
1120
1107
339
79
1067
240
1841
1177
1000
746
1721
776
178
312
914
1236
1759
1263
1514
1715
1719
57
403
423
483
1727
96
1131
1126
1961
222
754
1111
1371
1661
1232
1815
1166
390
1444
1775
1204
283
421
611
1949
1463
159
1633
1523
43
510
487
472
366
421
1987
417
315
1971
703
1150
1611
122
468
211
405
153
458
1660
580
1188
187
835
808
1789
445
762
1602
218
1184
1313
1251
1916
580
903
1901
343
167
434
1457
1688
362
998
847
1236
57
59
956
684
1624
1163
1001
649
1385
1159
459
1422
1659
188
483
427
931
1419
1789
1683
669
224
1707
1136
303
651
610
1868
733
1288
1368
1353
703
401
165
1428
352
425
914
1703
1567
1853
1168
13
715
229
153
740
130
1697
1134
1436
1626
442
678
1111
360
720
174
1259
1824
1571
1603
140
630
994
1963
850
1850
545
99
1351
1641
1348
1707
1930
526
1034
74
335
376
723
591
1283
1571
1665
1477
1464
693
1338
146
495
723
1319
461
130
1730
116
1281
1570
1750
171
1627
451
385
1989
1291
49
811
1496
197
1842
1521
654
1706
608
1427
253
114
306
1696
1074
53
1692
1935
766
1603
191
734
1662
1543
235
1707
503
1227
223
108
478
1165
714
519
1620
1710
1365
608
1921
847
1521
1502
1961
1745
1808
268
729
324
93
1857
794
1502
972
595
1042
456
1011
647
11
1277
1177
8
1630
651
1773
852
1533
1145
1445
520
1807
577
1497
1486
1368
1148
214
26
392
1867
1543
33
828
1638
321
1740
1820
1960
54
417
247
1972
109
3
341
699
1165
1721
146
1125
1692
990
22
639
1505
1241
1549
1740
1494
312
853
650
643
1042
1773
1067
19
481
1672
19
373
1560
622
735
134
1870
863
1440
1040
162
377
543
1069
1413
1857
1883
11
1923
1587
516
964
435
1868
1567
1625
144
1118
836
604
1253
1234
112
526
316
713
242
356
1596
235
155
26
472
249
795
1866
502
1530
799
1395
705
1558
1322
737
1826
715
898
464
145
248
6
1559
526
1001
1390
1633
1733
26
1956
772
1099
1446
57
1768
519
671
970
1053
117
642
1595
1064
1519
1788
1665
1267
1556
257
58
1333
1394
1267
75
954
1185
28
539
778
566
1639
1687
13
1833
831
231
1354
518
976
861
534
1818
1613
1397
144
1664
1300
1128
1808
238
1300
500
1277
1834
363
210
1634
996
636
1683
824
425
967
401
978
1568
1631
990
1315
1333
299
1386
963
751
1718
1311
455
614
483
894
1955
296
1277
811
1329
1729
1813
1138
1838
670
1326
61
1866
7
1801
1097
1681
1665
1918
116
986
640
1812
728
786
1294
959
1613
543
1450
1349
1744
735
1614
1709
965
293
302
1326
191
984
909
227
817
302
1737
852
112
1763
1362
744
1142
456
460
1730
212
1008
21
125
959
325
1565
1691
351
1840
1483
145
140
1518
1780
1725
68
643
1579
1870
1559
1496
1749
1789
937
1510
1625
1909
1390
1643
1230
69
725
117
270
1386
1491
1968
1950
369
1724
877
58
1697
708
1843
1434
488
11
1597
1174
69
1452
1175
226
1660
165
19
570
1243
1723
1442
224
237
883
1286
1056
314
1169
1431
1388
443
513
1946
1492
1539
41
555
931
1046
1597
421
1223
1748
1204
1022
79
1269
1672
549
303
1928
1194
1025
730
529
755
1755
1450
106
59
122
1080
866
541
688
358
480
1317
1748
328
581
71
1083
1929
763
1666
110
325
59
1781
882
262
1971
716
1468
1370
1182
1429
887
640
1039
1139
827
1834
140
855
988
1348
1753
346
221
357
801
1035
112
74
700
743
670
473
1244
1882
1696
1938
376
1382
1280
944
1194
165
703
461
1323
1744
1272
956
453
1206
1023
1050
754
873
1846
878
1687
1576
1168
1436
829
213
1982
420
1117
1984
284
1442
319
11
932
356
284
831
138
54
1023
1885
1053
309
369
1515
368
1354
1850
1490
1918
890
1977
764
542
1282
95
225
934
1193
697
538
1682
363
955
460
1954
393
750
1694
756
1648
1197
1292
895
876
1636
1812
114
975
216
854
11
1636
1197
898
302
479
421
591
1883
1418
1146
1140
1528
67
1414
1678
1324
79
411
1274
1677
1162
668
989
1068
907
1088
1520
191
1923
1537
1159
1898
1184
1884
1467
835
1410
868
1919
1297
129
1181
1321
749
923
1328
1988
1371
1650
128
595
1452
1757
1869
138
1557
1961
1174
263
1224
1787
1495
652
52
1672
1536
1388
236
1720
1451
1113
513
1988
719
1234
1187
284
658
529
1913
1386
547
1084
1381
842
1353
659
1693
1930
889
1475
153
1027
968
1870
1829
280
30
447
1425
1842
1705
1883
652
1688
136
1180
649
790
126
832
1434
1373
102
524
1926
1385
570
588
921
937
1285
1998
708
1520
1317
361
382
314
1722
985
1369
1132
86
19
417
98
400
1641
1820
1524
1090
40
16
441
441
6
39
1271
1288
382
1850
1372
1370
1627
83
585
53
854
1471
631
1898
23
1134
791
133
1426
1717
1520
919
137
521
1598
1391
1231
1445
1722
1156
539
1464
1134
1102
1176
1880
470
17
1694
454
362
771
538
285
1320
650
1478
1048
377
88
1279
397
574
1267
1778
1086
1580
1213
927
506
1093
1152
1764
1281
1407
925
844
1390
599
1787
1280
1635
937
1910
1227
1750
1123
135
1439
826
110
1476
1586
1245
844
126
114
1566
1003
530
696
1848
43
520
332
239
1361
1859
1429
43
1123
201
58
1061
1353
447
1454
622
1393
935
1450
314
1849
1400
50
47
1095
614
1807
723
602
1019
1710
296
1736
1270
1443
1865
695
1838
1949
1513
583
548
1190
584
1617
515
1510
1364
731
208
636
117
995
1571
1923
112
1434
328
279
1931
959
1899
1112
141
171
1162
252
627
1808
31
1264
1050
819
328
1543
1558
279
682
831
467
1465
1033
1471
1236
1768
1541
1951
1361
1735
1473
457
405
752
1420
843
506
405
982
481
717
781
1269
450
1575
1145
752
36