[1212.32636712 1288.74700607]
[4707.63709336 1977.26498693]
[2791.33528223 1168.4834511 ]
[1278.36414182 2727.52906673]
[3665.35766298 3116.43440845]
[3443.1388109   133.31949028]
[4292.98432747  521.72534391]
[ 106.13929571 2816.81903146]
[4459.80074188 3042.16119634]
[2839.90339726 2499.25113953]
[1781.02016432  408.07409223]
[ 504.30116815 1106.89154752]
[4241.38718043 2257.97943812]
[3005.21489155 1577.17171374]
[1914.04220411 2230.09516661]
[865.42115778 597.09287844]
[4327.99024615 1108.82998633]
[ 695.45788174 2748.11031045]
[3077.40854284  344.3302917 ]
[2118.63748188 3289.01224057]
[2184.59895173 1545.51729284]
[2432.66384283  351.68890727]
[4857.99203806 2524.2553436 ]
[ 961.01174104 2016.31159779]
[ 483.24175954 3309.54885524]
[3431.10891424 2153.98976687]
[1061.90250838 3306.93424005]
[2856.23222259 3171.90229171]
[4964.08044802 2922.96201418]
[1714.35456654  983.34428956]
[3559.70974282  639.0954107 ]
[ 287.06466174 2229.66696865]
[2580.27571919  718.47713311]
[2396.58786248 2874.94601604]
[4333.44297488   89.87832365]
[4496.48311297 1621.80965803]
[1443.14921844 3289.79713097]
[4133.76780454 2706.9599415 ]
[3580.74917004 1626.54635865]
[ 694.22397005 1616.67686465]
[3139.56652848 2735.09667892]
[2586.79195991 2103.46434053]
[2396.98694819 1356.74535341]
[1393.94394612 2199.53544237]
[2243.50194493   29.60368057]
[4451.94572671 2464.81680951]
[3029.34910037  860.24392377]
[ 117.42076566 3275.98551609]
[3830.50825266 2350.58804775]
[1853.02597675 1318.6782933 ]
[3291.22903592 3169.4590865 ]
[1655.02098645 2798.24229071]
[257.52799025 157.02913296]
[4012.70257355 3133.74462041]
[4711.39979272 3245.22009004]
[1070.33802662 2392.90121804]
[1223.04202019  461.22713294]
[2575.98181324 1774.00831367]
[4521.44228613  670.04054193]
[2782.79848621  354.11443859]
[4005.4866376  1989.41245295]
[3137.79087338 1861.03879586]
[3945.46930349  684.18011589]
[4895.97958878 2160.68789577]
[4828.50014971 1717.28740534]
[1898.66114232 1961.29288823]
[ 926.30381644 2981.934091  ]
[4431.39144595 1960.77140562]
[2034.50894219  566.50865923]
[1040.78082243 1175.65958412]
[4426.23947807 1348.87846924]
[4718.79355506 2725.31550796]
[3545.9425453  2748.71464369]
[2626.66892497 1515.68897836]
[5004.87100575 3306.41632053]
[ 373.42257859 2892.08814295]
[2778.43720837   20.49226919]
[1519.26884917  759.76384111]
[4501.49531027  334.01963785]
[ 365.42903284 2561.35760152]
[ 581.60094586 1368.41718871]
[3048.0169319  1030.29089456]
[1309.35750931  943.74902243]
[ 757.38623214 2095.87320119]
[3783.1994608  1149.39793449]
[2096.30728778 2664.05326197]
[2120.9312566  1160.14787948]
[3077.08873423 2271.76398643]
[1695.23323947 1966.56981608]
[2232.1168415   511.37293953]
[4579.50196651 2223.04421141]
[2524.9064893  3295.06087474]
[697.8963382  301.19461296]
[2118.31140967 2130.37657572]
[ 670.15626539 3115.27759565]
[4464.40177274 3337.90037768]
[1099.19694558 1574.25072295]
[1359.79147858 3131.01807881]
[1557.1041311  1220.50657826]
[2415.91046717 1185.42554485]
[2904.25754068 1788.1732485 ]
[3714.19813927 2080.59146565]
[2847.48433024 2719.11185005]
[2991.67012193   94.03820285]
[ 747.20365252 2416.54286573]
[3817.9360097  3287.64952394]
[1890.45416931 3026.75787322]
[ 817.19363662 1258.12368375]
[4331.83380695  962.10335837]
[3023.24361311  531.4087076 ]
[964.33208867 897.51532657]
[1494.80569399 2378.72190958]
[3464.92710545  379.61780877]
[752.2049556  816.47913404]
[2160.02255348 2300.45117978]
[4986.65632339 1935.96119354]
[4559.79378582  908.18047234]
[1989.81438152  124.07386947]
[3754.72155046 2771.40530429]
[2575.66371494  214.46940624]
[4494.07223039 1475.31383981]
[4526.43147002 1163.12682268]
[2765.4121627   766.90750566]
[4179.26801066 2563.26636906]
[1694.21992377 3276.98938993]
[4218.7935246  2941.17883652]
[1608.39249824 1463.10956462]
[ 164.71749364 3029.31050844]
[3149.57857221 1357.7990138 ]
[5014.06228312 2660.55024274]
[1278.68617191  124.50126948]
[4721.17038272 3012.49701099]
[1070.94630782 2936.97820461]
[2441.56569378 1619.11299422]
[1448.74149253 2838.90860859]
[3531.90554141 1764.34099739]
[2254.5369683  2609.43246845]
[3341.6475801  2470.71597072]
[2297.09669665  942.52589056]
[3226.7040476  1709.45966408]
[  80.25396199 2051.4201377 ]
[4110.67613739 3344.6189964 ]
[ 971.8554457  2684.99530864]
[ 435.25516031 2030.82281419]
[4768.5229403   189.85600303]
[3659.62514909  844.43676333]
[2819.34704726 1385.68596013]
[ 849.21539537 3286.83316723]
[2492.5041938  1305.62127387]
[1588.26073808  226.40809873]
[4143.97395457 1761.84654439]
[2517.03461592 2349.17119257]
[2630.24511361 1000.47594493]
[4393.94519409 2794.38192423]
[ 511.21346498 3017.88780341]
[3618.04131769 2484.07149762]
[4408.03479254  732.08007266]
[3117.49931998 3200.01925176]
[ 441.13008597 1505.67256359]
[1208.24797448 1998.51279921]
[  33.88622958 2234.29194455]
[2580.14265189   31.19780502]
[2158.61593794 1827.08597643]
[4473.55282443  493.36648197]
[2804.72371781 1645.20795759]
[3730.90472505  618.74643473]
[4592.41867608 1745.80373744]
[2675.10190665 3089.15924065]
[ 702.76117449 1042.69466591]
[3646.95337063 2965.30973073]
[2448.36118419 2783.07111389]
[2009.68049164  890.23286871]
[  49.23578809 2451.98199564]
[4945.9157947 3122.5821001]
[5069.58845301 2306.27964829]
[4545.73283907 2080.80875663]
[2916.42620364 2265.81310417]
[1782.49059893 2624.92543281]
[1137.77040936 2512.94718208]
[1106.3501332  3174.20862703]
[4071.67509765 2911.34105931]
[1977.48381455  313.95749946]
[3383.07559892 2971.51322407]
[4794.5774251  2309.27804503]
[4648.44666205 2851.00608847]
[4573.79036273 2610.2019571 ]
[1371.6652643  1156.62706502]
[4018.97826406 2385.50247341]
[1120.44434398  292.4157761 ]
[ 438.67215603 1317.30670373]
[2379.69480925 1993.36751924]
[4676.3329237  2416.52644125]
[1655.22825117 2100.42421122]
[3823.24274018 1853.98265512]
[2363.00574896   93.10759955]
[3316.58261299  865.34719055]
[2006.01385284 1440.32018388]
[3521.45071916 3189.96042626]
[1708.53471126  665.41684424]
[ 299.86443637 3173.22942076]
[ 495.21132133 2683.01505097]
[2928.11402184 2037.52484334]
[ 876.32624267 2198.72797355]
[1530.11749647 2636.18486258]
[1275.86688556 3015.64683759]
[4215.3063411  3045.87889829]
[ 623.60344079 3369.77512732]
[1864.38713924 3184.58163143]
[4906.60040528 2818.42748125]
[4262.77573665  174.14312974]
[4303.90866992 2140.48631131]
[2303.13217092 1712.12427098]
[1238.36760563 1123.12248059]
[887.44638873 400.44083378]
[4369.29719488 1730.03107232]
[2967.26645796  337.38109214]
[4576.33256577   34.85915477]
[2278.53757625 1306.05170277]
[2466.95521281 3065.21468569]
[1725.85880528 2420.18029161]
[3363.98854685 1436.27007703]
[3859.32085537 2606.91083991]
[1130.41614187 2238.90302951]
[2741.2392228  1544.87655493]
[1227.86425591 1537.22043428]
[4347.07219304 1484.1975151 ]
[1451.03951106  952.88371771]
[2689.86047625 1316.35411699]
[4559.89509946 1423.06397937]
[2170.11402923  113.77179136]
[1944.9345834  1149.68979397]
[ 220.50201591 3368.56394574]
[4198.72446097 3224.40747922]
[3446.41768226 1981.90503125]
[2682.25183695 3191.98919065]
[3093.81417129 2942.11407894]
[2675.96686389  503.79903878]
[698.58729422 628.21116741]
[4279.18999602  329.27297675]
[3140.88849647 2584.54397937]
[2100.31820518 3033.36805311]
[3090.23430264 1267.67396486]
[3557.79266165 1098.82234595]
[1130.93580812  739.11352771]
[1795.24085486 1205.9807559 ]
[3011.0301771   658.80380739]
[3682.78718135 2266.91121174]
[2753.20123653  958.6676135 ]
[4773.44084524 3363.86552663]
[2512.43606525  813.45305798]
[3981.27752021 2190.64520127]
[1795.52325509 1466.97051143]
[ 115.68446234 2630.25474081]
[1398.49398521 1978.21488511]
[2375.49359031  501.83513116]
[ 522.08472819 2509.37037406]
[1914.40008454 2432.71200444]
[ 286.88542716 1883.69138267]
[ 849.7010617  2585.80415971]
[1365.92510688 3312.18674703]
[3840.83151326  848.41838571]
[4620.1897141  1676.51694289]
[3681.961306  1386.5189155]
[4577.42285471 1888.29573839]
[2637.1823372 1946.0373109]
[5026.07119425  447.00547704]
[2998.05465855 3372.57555553]
[4511.83045685  149.59272106]
[3932.83100605 2820.39117906]
[ 489.81907813 2305.97794521]
[5019.35867225 2431.48600415]
[1138.19697208 2646.91435724]
[2098.58843611  405.66571909]
[4367.70505858 2476.20075504]
[2408.21722814 1529.00274536]
[3141.24360431 1601.77132432]
[ 260.83044408 2820.9920538 ]
[2817.05159384  156.57449792]
[2288.95544257 3177.61071727]
[1733.27144011 2952.95241014]
[494.79897774 937.04560027]
[4592.52647453 2997.47885781]
[4874.71619315 2027.10213831]
[4083.54952001  745.49484834]
[2689.07547473 1706.7686298 ]
[3267.77993474 3254.73610723]
[475.63692139 264.05366006]
[4738.75625051 1846.9983021 ]
[2701.90530984 2815.42062822]
[4877.14137407 3143.60161687]
[2642.70453295 2350.73679459]
[3384.96505722 2710.81789739]
[1127.84010332 1381.20116729]
[2318.00747697  277.64467598]
[ 763.85328247 1449.95479728]
[2870.09429808  473.68144546]
[4749.77679839 2143.45530798]
[ 267.36616622 2410.64301507]
[2026.84250776 1728.69657052]
[4550.67534861 1035.82720231]
[4442.88011722  797.30759478]
[708.22480229 496.55032402]
[5065.42461111 2165.72830903]
[ 531.51567255 1162.92042294]
[1860.92256791 3349.49604315]
[3040.09083048 1774.16999994]
[ 55.49838715 288.5270288 ]
[ 595.02922694 3228.95562154]
[4390.50849218 2245.20334337]
[4987.46470947 1642.46505805]
[2946.92717393  704.70414855]
[ 652.09373385 2499.09769834]
[3210.13030631 2163.05963315]
[2598.16520825 2523.66414512]
[1418.39089458 1466.86168338]
[4590.5100474   426.18495259]
[1297.30750714  327.63649457]
[1344.26907745 2501.0117122 ]
[5065.07168502 2792.13440998]
[1886.60050986  802.59334939]
[2858.32000521  868.12514278]
[3173.59574501 1138.12311101]
[4323.19902516  204.02929595]
[4283.40970598 1922.70503609]
[3528.32306636  522.11848075]
[1686.99748709 2257.32051224]
[ 880.40830383 1618.84716757]
[3836.76700419 3068.43252331]
[3694.8494813  1965.81771886]
[3828.53636717 2159.41126946]
[2384.80949521 2118.66508268]
[1619.95642274 1859.4851842 ]
[837.05037839 182.15064083]
[2662.45969237 2671.27732431]
[1506.82082028 3102.02136139]
[ 850.89747293 2957.50113487]
[1971.64833208 2886.2939203 ]
[2966.14508195 1062.92223586]
[1060.22827978  975.56779943]
[ 852.85280174 3121.43952283]
[3463.28597335   26.66589299]
[3335.26031482 1760.432224  ]
[877.46931409 695.14903884]
[2538.1747799  1368.30006697]
[ 764.55208848 2306.16007092]
[3245.66344699  710.29397684]
[4237.39427454 3310.71126194]
[2188.57298213 2496.88232773]
[2780.14563986 3292.98517051]
[4289.91935549 3063.30640517]
[2589.14925551 1643.67225732]
[3453.20431556 3134.45878378]
[2811.97109041 1889.71710343]
[ 113.71087493 2271.34760221]
[ 855.47879776 1142.37825938]
[ 630.63132051 1502.25690695]
[4243.881795   2777.47505864]
[1486.54868566 1254.99026432]
[5066.32424268 3069.3141886 ]
[ 280.19087335 3013.91768816]
[3503.97407973 2333.91668775]
[4470.86192786   89.64368762]
[4060.48804514 2685.92643972]
[4747.65567536 3116.10534351]
[4771.8750214  2824.64877881]
[ 451.15683673 3207.24771292]
[2183.68055673  745.33759976]
[4541.34335293 2683.43859504]
[2629.83651549 1276.35239508]
[2955.56127372 2856.65561313]
[4888.72420572 1862.85463372]
[ 102.60972463 1446.58673022]
[4387.37841402  854.11244443]
[4721.04986927 2578.03320153]
[1196.65573196 2855.43625381]
[1239.90388553 3146.35098665]
[1916.92783165   29.77941202]
[3067.61324015  144.9469363 ]
[2971.16332331 2537.78324377]
[4913.90460613  950.12317161]
[4604.73007678 3294.22283109]
[3837.49298877  571.96319199]
[ 75.55613883 167.945252  ]
[1724.82138194 1279.28339097]
[4359.25030017  611.20668609]
[4485.62389402 1227.97856681]
[ 123.53051228 3201.0110885 ]
[ 398.63249693 2093.15997771]
[1537.8719908  2925.35227953]
[2543.27566359  524.90308102]
[4423.86763691  365.79061714]
[4858.6675101  3024.08264347]
[3414.82121372 2874.19993833]
[ 912.53294553 2359.92599285]
[2679.76754446  888.2906031 ]
[1166.81795271 1243.16840905]
[4360.49721631 2912.19329741]
[2308.72822895 2273.37532049]
[ 397.57747057 2649.45593381]
[2075.76377665   25.41089587]
[1812.09251025 2103.80637644]
[4837.9117881  2637.83824647]
[1094.83561924 3100.10064108]
[3001.36689721 1960.83677321]
[3711.59586739 1821.82313158]
[2941.18047584 1475.11830727]
[4459.7833668  2058.95047378]
[1011.51459627 2848.8329425 ]
[3390.22771801  454.33406168]
[1402.46350532 2706.09456541]
[4310.44242807 2566.2467002 ]
[1212.08542193 3370.38792686]
[3724.05468259 2506.17295245]
[1155.9230397   489.56393434]
[ 591.23511111 3005.42196486]
[4564.25605572 3217.26620987]
[4558.78931505 2452.55048969]
[1717.5584369  367.1137729]
[2786.72345621 2347.93611284]
[2313.12915121 1451.76109275]
[2248.09374213 2767.2420171 ]
[5066.13233194 3282.79598523]
[3718.55924273 3364.23682776]
[2703.29666051 2137.21456216]
[4133.13507154 2330.8834293 ]
[1341.42735122 1221.00459765]
[ 944.24546961 3371.07173251]
[1472.07347473  891.22348446]
[5018.37198982  250.5976467 ]
[3872.75399589 2925.97685365]
[  54.96265174 3099.41752668]
[3947.24668188 3245.57065312]
[2275.39421968 1241.3279342 ]
[4621.58174111 1225.90976208]
[4147.61862069 2178.64367734]
[2946.63225691 1674.04086237]
[4342.45885089   29.97399116]
[3096.84474566 1466.8579427 ]
[4351.60249202 1559.8800807 ]
[4130.3382497  1942.14219653]
[ 589.97819265 2047.07153282]
[ 613.39461728 1167.92078041]
[3518.54872294  296.58317151]
[ 304.27930582 3085.7890868 ]
[1970.01027478 3305.97130607]
[5006.42722495 3005.52199058]
[3847.63037973 1630.74654042]
[ 568.66706829 1229.22254336]
[3043.07147284 2195.9324793 ]
[3688.62915376  735.78524678]
[2481.36893743   29.85641524]
[1615.70779724 1755.25928281]
[4039.47904396 2508.5556327 ]
[3406.78710059 2529.65187801]
[3151.63126389 2408.17512213]
[ 950.22958903 1308.87531682]
[2969.8512404  1777.93994745]
[4344.78081094 1257.13263061]
[2009.46132846 1886.11398463]
[1345.24556721 2835.48853265]
[ 607.59895078 2339.6528507 ]
[ 884.697663   2023.71193504]
[1825.08713249 2993.5231791 ]
[2553.85153924  320.60811711]
[4437.90253829 1755.1333997 ]
[3034.98195696  465.00261072]
[4456.84280506  869.2073186 ]
[3256.73140219 2832.88547579]
[3517.77611092 2928.31627514]
[2335.25945553 2592.58549578]
[4841.74338576 3369.32331623]
[4390.25712177 1061.17645718]
[1321.90986733 2285.19207798]
[3390.96116724 1286.66104268]
[2495.49258015 1429.11881046]
[3826.50653199 2035.45183942]
[4624.06830094 2001.5639785 ]
[1209.98886675  353.92420151]
[2922.4049187  1254.24324415]
[ 469.64536519 2773.96537299]
[4928.17637231 2312.98802653]
[3186.41288334 3341.88679824]
[4726.5085474  2272.33799494]
[1172.34604602 2085.70219862]
[ 772.33484285 2672.30726597]
[5062.99029827 1914.77620209]
[3567.08419113 2119.58133426]
[ 955.02210367 1450.87700228]
[ 195.71398947 2080.22753854]
[4395.71323954 3251.23064463]
[2605.76605986  860.31623322]
[2110.91868687 3160.71103613]
[3278.2697787  2042.78478739]
[2520.02151331 2979.34532402]
[1272.15497806 2071.71095263]
[3825.76640335  715.80137878]
[1660.77330372 2019.88552927]
[ 733.27247853 3247.65684213]
[4025.44251826 3360.82044133]
[2948.50036812  194.77743394]
[2119.94849774 2798.76994955]
[3619.59630172 2570.30596535]
[5021.33187569 2045.94098027]
[ 951.82302101 3141.59867218]
[2516.69754469 2798.3172451 ]
[3227.11273085 2588.59528535]
[2753.02249506 1792.7817174 ]
[297.15797435 529.05902053]
[4331.1979055  2721.45695626]
[2531.72094116 1081.29798977]
[1138.19772363 1638.76478121]
[852.0793522  984.27259924]
[2168.93592289  397.70212661]
[4824.47988141 1556.12924457]
[1518.1307789  2814.10329033]
[4580.02084568  562.99486448]
[2336.18345957  165.08230403]
[2469.99920557 1801.2300055 ]
[1758.53148951  576.75210343]
[ 302.26539764 3366.46565866]
[ 451.44513208 1050.56558186]
[3367.43089369 3140.6614191 ]
[3063.118296  2376.9661194]
[ 165.29275596 2939.03761649]
[2962.23779051 3079.37947074]
[ 998.06651823 2381.2851449 ]
[1979.26877095  488.83384905]
[3391.93017102  960.95494152]
[4377.30263643 3313.62312179]
[2854.28437019  571.36412948]
[2425.93884388 1025.37003104]
[2998.20966986 2643.79648147]
[4688.15689465 2496.52129642]
[4451.68014406 1417.43566083]
[4249.92351047 2445.97111475]
[1649.70161707  780.78074618]
[3067.30900571  746.57302914]
[2355.40427733 3255.42692813]
[4140.89926512 1677.81777408]
[4805.32187093 2446.67377204]
[2718.53701846 1627.0809779 ]
[1268.99776988  662.79466466]
[3233.00718411 3033.98979227]
[2023.64545584 2161.37610919]
[4580.90516054 1598.08983648]
[4921.59354996 2519.08986224]
[ 509.17977056 3140.49529089]
[3570.26227879 3093.6067416 ]
[ 250.50684259 2486.42665441]
[4286.85376914 2071.39061909]
[3858.66352002 3163.50217047]
[2130.45271732  618.51301275]
[4373.16285755  252.12658042]
[ 284.42918489 1646.60815607]
[3413.59986742 3347.48005579]
[ 410.59704699 1374.7595469 ]
[1230.64618397 2345.38450522]
[1018.77081636 2623.13230657]
[859.90523941 283.4412758 ]
[2743.10030127 1406.64211078]
[4492.47371742 2126.45776183]
[1994.48075402 2075.16593506]
[5065.77421525 2610.97556234]
[2589.83420924   95.43537628]
[ 821.68512925 2740.11671262]
[1400.3472147  2890.18373584]
[942.75365828  77.33485956]
[ 420.86195775 2406.99731204]
[2248.72528545 2195.85189692]
[1701.20708262   42.6702067 ]
[4482.11861064  206.27665596]
[4491.60847247 1973.33967493]
[ 617.03445992 1033.66320747]
[4441.26485916 3166.40000662]
[4664.36984049 2724.27594809]
[4864.13427916 3219.09338488]
[3332.30156378 2359.46843548]
[ 601.96830203 2265.39549994]
[2911.24397299  927.9503888 ]
[3012.21687981 1885.15322823]
[2118.68076836  147.70446372]
[3462.11151273  834.60165187]
[2719.75151949 3325.23125142]
[2535.87363523  595.6900265 ]
[3680.67411895 2389.34939892]
[ 191.61037807 3143.03827508]
[1586.48440535 1036.61288253]
[4417.01338864 2652.90762909]
[1151.08146056 2933.64692434]
[2370.24496229 2497.37994359]
[1983.13373084 2552.46739184]
[867.48150092 866.35452647]
[ 690.23568565 2652.68641958]
[1055.45431879 2207.88297451]
[1416.91369724  363.94099392]
[1386.10958622  952.003737  ]
[ 638.28117877 2910.55455576]
[4790.77896702 1780.06369696]
[2484.3065898   293.13267096]
[ 320.97424582 2683.29421096]
[ 987.084266   3245.25690114]
[974.48860231 700.5240117 ]
[2648.29566058  698.65506586]
[1486.31397829  628.71567311]
[3923.18684455 2703.5627297 ]
[2173.48461634 2029.24290106]
[3713.99793353 2938.69183589]
[1783.4791313  2227.95320968]
[3320.97050332  338.14055084]
[698.73037735 441.77738686]
[ 988.18858979 2536.96920074]
[4526.84489896 2280.07588556]
[3578.80518645 2859.47153709]
[1417.3274662  2132.80302673]
[3743.242434   3240.14243391]
[4604.96403202  767.53050957]
[  33.99936956 3366.41281138]
[1963.82739552 1259.44763162]
[1214.3791747  2582.43163463]
[4462.14578818 1149.7209187 ]
[2277.92989618 2985.89389139]
[2097.46229876 1340.74270642]
[1118.00547018 2805.45839267]
[863.11860102 459.02249853]
[ 680.12156653 1299.41351899]
[2003.41712251 2733.13413438]
[985.8448093  532.87715944]
[4509.22827337 2525.31224334]
[4077.27268723 3083.09083552]
[1606.78320803 3169.79770934]
[  33.76461314 2955.12401852]
[5017.42425909 2881.09599387]
[4615.01294737 1470.17994106]
[4920.34770396 2092.80943479]
[1781.11490809 2356.77224592]
[ 376.34869159 3374.00523857]
[  28.44589314 2645.83569647]
[3595.62797127 1953.71923798]
[3274.75519419 1094.6411992 ]
[ 246.09291812 2877.8919881 ]
[4467.78920121  422.72540742]
[2001.08643594 2272.59728213]
[ 177.14217657 3311.45461099]
[2725.76773416 2906.01003581]
[4833.77643471 2949.51036286]
[2920.7822301   775.04262123]
[ 83.8390933  761.90858644]
[ 111.57602528 2413.06053788]
[2885.94263662 1426.7753863 ]
[4759.6600108  1691.36889456]
[2811.26653647 1525.96537185]
[3745.55741711 1197.27161203]
[2249.74077703 1093.80406312]
[ 460.16344173 1182.4001496 ]
[4075.04308763 2295.5545014 ]
[2819.74491349 2095.51187351]
[5040.57614461 1491.42212679]
[4355.38281933  482.18480819]
[4777.9528346  2742.94226255]
[1482.19141174  108.80858058]
[4429.68256038  615.52781656]
[1008.3528361  1660.83753592]
[1903.30583678 1444.46623244]
[4481.86119976 1815.12094777]
[3095.13466352 3113.99567737]
[3039.80976383 3313.21217901]
[2001.51525986  977.4895481 ]
[2815.1508891   489.37566355]
[1228.92170624 1454.55213024]
[1821.52572513 2729.74261639]
[ 801.01794347 1191.79888031]
[1878.92110742  620.21918237]
[4548.44294964  970.74843033]
[3347.32896022 1923.72529715]
[4540.59920925 2952.73668926]
[ 925.091028   1109.67450459]
[1234.32632539  853.58934723]
[1599.46402992 3349.51621148]
[2300.23023066  551.92693101]
[1232.74698688 3220.58456956]
[ 499.82309068 1449.89460914]
[671.65034472 849.26734152]
[4566.32452247  208.27948172]
[2414.54943003 1302.18369024]
[ 110.33399066 2195.61376325]
[1581.83140145 2402.10352377]
[4309.48962632  137.90391254]
[ 302.01193881 2616.20630215]
[ 735.88219536 3180.86823634]
[ 445.64364483 2149.26339514]
[2893.07416093 3357.32967691]
[2770.4078255  2669.31178309]
[4138.20480966 2103.58668922]
[3121.59107916  873.36429984]
[3925.63214629 2144.93728583]
[4672.98026093 3315.2364792 ]
[1870.66918422 2346.87088996]
[3918.46000997 2266.13385938]
[4319.54927034  823.69659716]
[1791.47402869  807.4198839 ]
[3736.57642243 2864.35155747]
[ 518.00593981 2600.97086444]
[3792.71521226 2690.70952643]
[2782.39315421  284.574788  ]
[ 492.09250548 2932.9403614 ]
[3404.53224204  170.79361417]
[1886.20123386  383.00845383]
[3480.10173703 1534.40063862]
[4098.47512271 3221.95401442]
[5004.21296455 3173.33491559]
[2087.31139612  544.35891363]
[2557.08091085  940.71969528]
[4169.0132178  2784.24302195]
[3032.65114331 1663.08575014]
[ 194.85579083 2782.51685366]
[ 790.84195879 1674.71883458]
[3034.98163952 1407.20687592]
[4572.66308482  344.157903  ]
[1599.29121384 2658.90959532]
[2940.28260213 1365.88397001]
[2694.00780762 1064.22780606]
[2385.08906684 2702.25931424]
[3139.30765979 1678.27810977]
[3083.2877177  2016.75542353]
[2511.18406219  735.62766706]
[2462.17680235 1982.91964517]
[1495.52325286 2691.42144513]
[3309.47686718 1537.62009969]
[2522.73907997 1551.82210213]
[1229.93019677 3063.36632397]
[ 146.56232634 1897.23600144]
[2736.18604285  532.12897196]
[3738.83526154 1001.9816378 ]
[1786.13640271 3134.90906825]
[2437.9611346  2940.09010081]
[1022.14929779  844.48601201]
[ 750.89561222 1537.52304223]
[ 686.43152257 2013.08883856]
[3954.64016066  176.40926486]
[2177.18590363 2604.39508023]
[2519.07887289 2233.30091617]
[3476.43791001  449.39459685]
[1701.18828074 1478.6415023 ]
[4199.12437287 2706.09624601]
[4390.88625275 1415.39222952]
[2516.41078323 3224.49187361]
[1193.04476383  160.13010733]
[4128.12269359 2981.59160931]
[2765.28633902   76.37687337]
[ 810.74746022 2499.36629663]
[3926.48166226 1936.16219887]
[3076.60419143 1547.29494854]
[2851.62503379  397.55581146]
[4607.5080077  1087.14684508]
[4414.34700532   24.07683543]
[4741.99108819 2054.70314163]
[4387.82797078 1806.0027121 ]
[2293.07651227   96.87842009]
[1540.35254064 1464.62632775]
[4921.13246796 1910.46592617]
[ 500.04380208 1291.7951394 ]
[4642.55164652 1791.57339023]
[3394.33150948   28.24779857]
[2765.00250829 3147.72457574]
[4116.3902872  2593.31141358]
[4561.68465225 3104.89550621]
[2804.57986289 2200.08245089]
[4630.8582279  2375.45971892]
[3294.62860872 2678.69232764]
[1466.53128005 3232.51347282]
[2934.67615189 2683.98325127]
[ 515.75862957 1520.02772916]
[2695.19740269 1506.39325083]
[1170.25522918 1119.61123214]
[ 699.57369468 2181.05215902]
[4820.73588131 3092.43965682]
[617.44823068  74.84915009]
[4925.04065425 2388.44327256]
[ 780.97227646 1376.37651135]
[2301.36076737 2116.52037872]
[ 281.68581121 2314.89468768]
[1802.39354956  961.54392269]
[2906.00310486 1617.24178513]
[4815.0965593  2168.68133485]
[1593.50317725 2042.18093103]
[4393.85403828 2156.82147696]
[4316.51635236  739.36498329]
[ 654.61628093 3049.57654549]
[2602.40825713  570.32365426]
[2675.52374241 2461.12040276]
[1307.22719692 2210.91201427]
[1113.94458324 1281.81753749]
[4526.81479451 1348.52545484]
[4516.37500486 1749.60609872]
[4273.23900133 1841.15467535]
[1612.57688427 1970.80169722]
[2342.94409537 1190.3094743 ]
[3640.47254533  497.85643363]
[2134.97362582 1240.35439337]
[ 559.109399   3359.63691795]
[2886.15728816 2958.95149417]
[2611.78765357 1394.53988216]
[2098.16780053  752.53070952]
[4351.83563225 1332.85564051]
[3569.03276364 3243.63273385]
[4549.6137205  1678.49131546]
[3248.3354359  1794.16191917]
[1924.75647685 1778.25302192]
[351.20319158 246.02025783]
[1741.66951363  287.3162027 ]
[1566.89103948 2306.58052895]
[2694.58287386  975.94656965]
[2611.82037153 2780.22133924]
[4608.58255864 1352.6604498 ]
[2459.48821336 1365.63428562]
[2044.96622538 3363.88681052]
[1520.39146043  866.43619294]
[3871.77651469 2764.05807249]
[1721.27283946 1176.7012667 ]
[1976.71132654 2961.78070479]
[4392.6350275  2406.23055564]
[4975.41788971 2794.0106441 ]
[1432.4327649  1291.06389388]
[3121.02085391 1184.67664948]
[4942.60188983 3014.51578119]
[1350.39687011 3052.3707256 ]
[861.13263281 534.65808292]
[3469.16943943 2585.63283406]
[1242.25025239 1058.69761984]
[2846.61766047 1307.98983344]
[2651.50504249 1614.21197829]
[2674.87513218 3274.74214095]
[2242.09638391  424.29532373]
[1420.13400794 3174.81559953]
[2447.49377907  603.85937713]
[2542.84403833 1705.77032121]
[4717.82091426 2859.82200507]
[ 584.96965435 1094.3422058 ]
[3055.83283744 2824.63274745]
[ 814.43018387 3363.12461843]
[3423.29248014 1717.47564124]
[3897.58765019 3007.47070449]
[4739.69895448 3180.47830809]
[4322.82266914 3127.2985144 ]
[ 184.24097795 3239.52325306]
[2781.52924657  808.74207394]
[ 415.51171524 3269.64061939]
[3160.7529396   564.81579516]
[2666.2684526  1124.17587877]
[3598.95229104 1721.21639664]
[1514.78203822 1024.78518578]
[2977.29270386 3308.47250809]
[2416.99761553 1730.98814336]
[  39.53428569 2777.77719117]
[4681.77019648 2121.52375204]
[ 584.07043913 3162.49565996]
[3171.23318615 1550.20125583]
[ 922.30641686 1541.69289056]
[3069.70359264   25.94033008]
[2009.9035419  2455.96432532]
[1053.90051992 3229.58815432]
[4566.31970127 1954.59624051]
[3077.60198811  270.68459444]
[2540.22782189 2656.27009047]
[2336.06185215   39.03125519]
[4886.15800037 1738.832845  ]
[1962.8559918  3229.53381666]
[1483.3224962   484.78324546]
[ 686.78875572 1424.82705041]
[2043.67299633  386.9796403 ]
[2441.24936052 2594.82881677]
[4529.25753149 2338.2903763 ]
[692.85974896 563.42962307]
[3024.44254723 3226.182133  ]
[3313.21698941 3368.68229378]
[1085.63024824 2081.91715885]
[ 444.15635735 1926.68159706]
[ 718.4378567  1100.03673646]
[4520.30721981  535.14951544]
[1142.39968995 2383.15301771]
[  39.18486708 3167.59746535]
[2856.45599421  730.27118674]
[4620.52014791 3072.25636245]
[4154.89229305 2494.54915211]
[4038.39428897 1909.66566817]
[ 586.69257369 2816.01243403]
[4224.39186276 3378.42324796]
[1405.72050909 2418.69776482]
[ 129.27625792 2498.47759355]
[5073.47895917 1997.45114422]
[3763.79900861 2600.96523626]
[2411.57800948  817.85229504]
[3305.97085837 1200.47319982]
[3845.81815952  785.15828278]
[3473.78444608 1372.73972104]
[3463.30786096 1785.87986932]
[1218.30261866 2758.21057032]
[ 503.00173155 1229.97063989]
[3484.80095672 2830.98407121]
[2205.20349571 1396.92144874]
[ 384.33005926 1554.06875724]
[2652.50646487 2970.87806694]
[1239.87285938 2930.43217337]
[1622.97817206  600.38998289]
[ 712.00572702 3017.94276023]
[4800.87368007 2085.84265312]
[1856.85547882 1470.29733703]
[2975.68533646  427.14996283]
[4546.15300931 2762.97572253]
[5022.86608823 2524.62712895]
[1037.62234896 2289.45479664]
[3734.17697197 1310.7812836 ]
[4326.23951942 2300.64613231]
[1889.41806676 2546.74619348]
[4199.10306476 1563.74377249]
[3595.78952124  787.87889739]
[4720.65657521 1908.39285607]
[1700.91974762 2726.51431786]
[925.18603109 786.44294856]
[2173.63696921 2684.87561638]
[1765.29454212 1697.80151978]
[4481.01852375  945.36372197]
[4723.11793141 2356.05374251]
[3555.07193834   88.21330088]
[ 338.09480247 2162.52621719]
[2362.10363923 1834.55543122]
[2340.51802741 1326.04349765]
[3215.91962854 2937.35693572]
[3968.60783698 2087.96003212]
[ 880.54286845 2677.53672588]
[3225.86654326 3181.48686686]
[1287.17127224 2880.28369142]
[2442.4453144 3172.1577847]
[3515.14172582  219.19579292]
[ 372.39939347 3313.95008896]
[4616.0956789  2927.99694371]
[ 919.64660569 2109.37388003]
[3991.26474283  753.31663499]
[  43.26384896 2378.2233632 ]
[1429.87600762 1223.92209987]
[2996.04390661  160.03205569]
[2579.54385765  156.59788958]
[4451.07724332 1583.45623475]
[1870.69647892 1174.66768587]
[3659.30967581 1476.61146924]
[2850.80774201 2640.92491614]
[2415.27260985 2325.46834705]
[3195.60250729  271.85666986]
[2112.20490198 1438.48711108]
[4847.32113586  627.3274955 ]
[2822.57799238 1459.67703379]
[2669.33063458  597.64002916]
[2363.50579791 3357.84244028]
[3612.68923901 2298.18620188]
[1080.70679775 2578.4989163 ]
[4396.26804815 1606.12007704]
[1560.80349644  308.73108145]
[1824.52869553 2876.36340138]
[1220.10072688 2254.53020393]
[1672.93882468 1631.68708411]
[966.32702347 610.1270722 ]
[5026.80786278   83.7305066 ]
[4419.39306597 1526.02420041]
[1126.83715568 1479.78607977]
[1154.19494872 3062.66641434]
[683.60587734 789.79560378]
[ 292.48778237 2911.18868323]
[5003.15636098 3097.48161038]
[2359.97141255  388.90502431]
[2459.84367644 1547.88427414]
[2380.36067822 3033.22150652]
[ 839.90826613 2868.71393005]
[4374.9439506  2013.91151174]
[3695.68058481 1653.77213704]
[1175.21419153  421.10892307]
[3258.23303539 2522.27037669]
[4374.7604939  1867.28853171]
[1650.72964009 1808.71301083]
[206.6362694  263.55820612]
[4957.83104183 2165.23802002]
[4645.88868235 1852.21376178]
[2259.83282961 3364.61264625]
[3243.94715763 2255.3783698 ]
[5005.34692129 2206.60866801]
[1698.59564046 2592.84402163]
[3411.96611391 2786.50897882]
[ 203.80438855 2267.0839704 ]
[ 407.43750941 2241.99364031]
[4951.90104906 2723.67078007]
[3553.74509118 2237.07074901]
[2649.52654238  769.47710553]
[1332.83154777 3366.82321406]
[4520.83974699  797.44882097]
[4295.17030662  461.82550419]
[3878.85754135  664.19788864]
[1501.91595991 1165.48528504]
[2725.20707866 2271.35055744]
[ 675.59993184 2570.71153498]
[3999.21086175 2739.54076321]
[2213.62947877 3146.71187579]
[ 806.26935289 3208.02353013]
[4052.74184541 2061.42704002]
[4777.64651015 2527.14202704]
[3984.94458282 2463.04696832]
[4572.68271921 2387.21364156]
[3519.84102206 2426.69824596]
[1279.64466866 2457.45806041]
[2390.66581601  302.52331544]
[ 532.13697574 1032.81147949]
[4242.89792278 2619.35272616]
[3814.40572093  487.98917092]
[4412.96044879  499.14885897]
[2969.97246769 2435.2502566 ]
[4460.86737895  673.80407118]
[ 798.11918517 2016.84508598]
[4017.83847506  707.97700213]
[1500.58222203 2553.67804114]
[4206.45226384 2849.72036307]
[4374.75850903 2997.09061627]
[4778.03284304 3242.79604385]
[2167.26042483 2859.61177812]
[ 426.31957144 1439.24274933]
[2573.48457056 1231.54844336]
[4894.51051499 2891.95014721]
[1783.10792641 3285.15778012]
[722.51078447 982.98120281]
[1536.33142895 2996.00798568]
[2247.48920134  155.94421589]
[2975.2945606  1120.55591126]
[3189.98458333 1232.40112522]
[5069.91006185 3216.4722563 ]
[3297.53002676 1669.43017754]
[ 780.563782   3034.69876431]
[3107.59657799 2171.64493121]
[4507.01704706  602.53204871]
[1363.38319639 2615.51494895]
[2556.96836695 3371.7787739 ]
[ 233.72600103 3291.78887766]
[1320.96962755 3268.32891002]
[3404.87226873  705.97786971]
[1335.47514593  781.78209778]
[4926.33551575 1812.61545684]
[4704.20481634 2791.92995489]
[2867.58456387 2416.34968522]
[4569.5376857  2526.52877755]
[2427.23941324 1423.9107662 ]
[1879.97836031  708.31039776]
[1397.02972475 2793.46752435]
[1318.77612943 2668.79589944]
[3390.75347513 2624.73095866]
[ 423.89781386 2958.80812717]
[ 577.37621957 3072.10833753]
[3750.67276926 2328.0280943 ]
[3036.33562522  403.54917935]
[2225.86183156 1874.59843363]
[4748.53379908 2459.84721789]
[ 474.01675358 3089.20963454]
[2977.20149171  495.28283368]
[ 373.21176361 3113.80193333]
[1643.62053066 1307.54945945]
[1235.16807973  986.74492951]
[ 883.50708144 3356.65573287]
[577.02077982 314.33155341]
[2377.79296764 1100.498952  ]
[3214.11690745 1035.77285419]
[ 859.32576184 2428.83324574]
[1367.86656259  266.36203422]
[4953.39508932 2029.34251742]
[1030.80414466 3055.52645429]
[  69.85094485 1661.71352514]
[4331.86805038 1027.95537691]
[2219.79943066  591.84340361]
[1096.25487865 1133.11163423]
[3211.96994287 1908.44096991]
[1444.54357424  782.53988178]
[ 688.74057944 2264.27401062]
[1303.78206918 3150.78783698]
[3208.01671121 2667.76963115]
[ 942.21960325 2827.04150789]
[1185.41175828  596.16415275]
[1850.11947245 2183.07185244]
[4850.60763748 1941.35519924]
[4642.40315103 3368.32622077]
[3431.30340673 3199.67368378]
[2798.08887341 2557.23072722]
[1287.30292874 1277.85947495]
[2551.9269301   261.61353491]
[2804.669663    855.71853681]
[420.23497507  90.39585933]
[4542.87587225 2019.33544277]
[ 162.73691098 1081.15406544]
[2456.46071222  447.25198649]
[  37.14858919 2100.06020237]
[ 303.47133223 1756.52058874]
[2305.69043484  463.82157534]
[2772.43109602  197.19817594]
[3535.25600923 3014.80272799]
[4320.3277415   278.77799815]
[3519.53186627  935.65265076]
[4622.16467685 2791.60083855]
[4153.96393171 2019.04862331]
[2345.16749629 2366.56104796]
[ 325.19811895 2037.60821469]
[2281.61788863  346.99990232]
[1326.93847603 2378.0054417 ]
[4451.9549274  2929.96107398]
[2113.31273126  216.28727553]
[ 144.78430014 3369.38676328]
[4411.83901926  203.38499055]
[3589.14850651 2042.43078987]
[ 125.75969714 2761.4088488 ]
[5063.8663545  2373.94829395]
[2203.88444683 1704.54184957]
[3273.50922252 1323.61612222]
[3815.16620414  924.84210207]
[2821.81320295 1803.67585634]
[4019.63498458 2835.81405443]
[4598.10059049  692.32586751]
[3826.67037885 2253.3140238 ]
[  27.15594012 3047.45822696]
[1834.38466602 2024.57854449]
[3091.84696831  508.38823619]
[1058.86698973 1432.20966973]
[3339.38013453 2106.03341673]
[4633.00867741 2542.21765207]
[4984.11049135 3244.7403202 ]
[4162.97457135 2253.43010665]
[3628.12082935  569.02019849]
[4958.15445823 1551.52419235]
[2007.15861941 1796.05546755]
[2745.8177863  1689.05858085]
[ 601.22765448 2633.85838081]
[4764.60039231 2652.01844596]
[1741.98216437 2153.17442546]
[ 644.2256071  1368.23601767]
[1964.65605946 3369.39781785]
[3667.22355928 3283.47342577]
[2971.96450641   24.00122107]
[2260.67423483 1425.71786906]
[ 177.12182249 2853.38542672]
[1412.93961825 3355.86833942]
[ 448.89833883 2549.19172658]
[2646.95785659 1674.85265896]
[4896.84228823 2586.06464998]
[2671.57031737 1883.73677442]
[1188.13816705 1186.93896811]
[4585.39899256  500.1939879 ]
[2595.1157706  3298.32880916]
[3222.64168618 2351.71682641]
[1375.76285727 1039.04515715]
[2611.91656097 3188.70307978]
[ 318.04716361 2467.70572298]
[2856.82144919 3077.56619088]
[2334.15869267 1509.8324755 ]
[4866.09039291 2283.58792266]
[ 409.51649394 2716.40875161]
[5080.97191724 3352.84595386]
[ 132.65194239 3118.97745246]
[1071.07213459 1044.67270368]
[2497.8799508  2886.76939271]
[ 504.77748897 2100.68831602]
[4447.8150206  1092.27114397]
[3058.37731948 1841.05728541]
[4322.13684528  674.57799953]
[3148.43994473 3036.74399472]
[4690.76300926 3064.24106789]
[3175.39601132 2036.96726321]
[  40.75853276 3297.17404251]
[4401.25998166   85.89340799]
[4559.98538129 2864.97119617]
[2685.23064501 1448.37668085]
[1363.76553745 2057.34823734]
[736.26810981 389.29578663]
[1355.82278663  873.14693783]
[1802.02403478  883.47039725]
[1612.97850885 2951.10517893]
[2299.12741344 1374.65899178]
[4026.23091349 3283.9180894 ]
[2854.62493025 1742.73372649]
[1121.22850038 3258.83914302]
[4243.74183487 3122.26394126]
[3807.09975536 1085.81402108]
[1105.38768782 2869.06720258]
[1963.30409836 2350.18992483]
[3303.53863224  491.38381898]
[1407.68957615 3100.19776036]
[4480.37337681 1694.65598204]
[1173.83935621 1575.03294703]
[2579.60651159 1899.13061355]
[2162.39328739   29.26100101]
[ 920.82650269 3273.22706672]
[3408.34059624 2291.26281913]
[ 953.86941001 2449.72137653]
[3625.58979323 3349.01712701]
[2067.76936295   89.50260257]
[3379.41720359 3070.2638505 ]
[1069.36712747 2684.27226873]
[ 100.63087234 2909.54900233]
[2510.06273861 1212.90213849]
[2765.26527681 1273.49123068]
[3224.23071667 1446.67395234]
[ 728.37792045 3364.11606634]
[3514.09992335  350.80908573]
[4977.36001023 1876.23045323]
[3649.09099782 2085.44385494]
[2326.80309071 2847.14740346]
[1543.01262742 2118.91126014]
[4641.2135184  1545.99446046]
[2016.36028441 1182.26036361]
[ 398.88883841 2481.62319844]
[ 232.75982708 2661.49055503]
[2726.49594369 1954.6271206 ]
[4392.00219055 1139.71307396]
[1011.2480602  1365.59450962]
[4456.40380153 2234.54313048]
[3805.55317154  651.29345305]
[2117.68195841  459.59497728]
[2960.25105472 1009.53010269]
[ 836.11207291 2119.04334221]
[2079.49094952 2849.75242987]
[ 553.87088163 3289.19305101]
[1456.98645783 2048.19012105]
[ 825.88025972 1076.08599917]
[4333.83778809 2844.71652818]
[ 439.35875857 1126.78298178]
[3830.06684931 2529.43184514]
[4892.00431751 2670.27205139]
[2549.05517195  468.67365124]
[4167.41164342 2407.88176726]
[ 181.87120439 2435.16881386]
[ 992.89393609 1094.02650912]
[4270.33338227 2348.44472436]
[ 957.52932495 1170.61641043]
[4628.123571    920.43531182]
[3879.91308938 2091.02020017]
[3217.76696494 1617.56975831]
[2526.94781085  190.93477477]
[1947.04647096 2672.70818535]
[3976.99720599 1752.41047273]
[3016.94718661 1270.87941987]
[ 758.86806064 2573.30802976]
[ 703.09398304 1682.6849024 ]
[3469.4459746    80.53292157]
[2084.89213143 2243.87897666]
[3062.94818119 2612.88757265]
[1663.61797235  298.03266243]
[2827.78838453  238.13075031]
[4399.03442309 3370.38944898]
[4497.29973332 2617.63785979]
[3190.68626708  807.03428129]
[ 693.42693549 1505.42605594]
[2756.87482405 3074.15533358]
[1696.2725568   560.24914187]
[1750.83928305 2304.14550678]
[2626.43663391 2857.11912585]
[1820.68260778 2434.10225634]
[1016.33928853  309.19745876]
[3411.37572827  393.79830297]
[2981.78803786 2343.19845878]
[2911.28159203 1925.28464649]
[2917.72960281 3274.33157171]
[2928.42129484 1559.38830165]
[4157.09523308 3278.02778279]
[1310.16892501 1347.92975813]
[ 865.44241075 2792.91367065]
[4328.69433965  897.15386859]
[4056.38207486 2144.73789827]
[2160.8297339  2942.55640268]
[ 932.54869038 2604.63739335]
[1626.51145867  444.27556739]
[4243.87844536 2540.55480059]
[5016.39641254  769.25110549]
[2583.87156238 2003.55427479]
[2368.38982002  587.26965068]
[1744.10300866  714.76513816]
[1171.33825576 3192.84392257]
[3020.48405256  282.93477189]
[2870.7221531  658.4783518]
[ 671.98395335 2422.85227509]
[4478.57318775 3221.2046987 ]
[3798.31498715 3202.50067344]
[ 448.01907483 1591.8381647 ]
[3586.49752893 3161.03602809]
[2274.72495377 2533.66414191]
[2223.72293326   92.75597528]
[4477.14859705 1028.40409114]
[2023.11917911 3028.54164267]
[4350.19478018  404.85197025]
[2076.58417429 2052.88066336]
[ 857.60629829 3035.82091053]
[2135.36300714 1936.55619791]
[2387.89004442  911.2860226 ]
[1688.41599442 2481.82815194]
[  44.31586295 3235.67399931]
[4804.59849221 2009.1244117 ]
[1084.00232563  785.53149548]
[3031.54794354 3015.42839439]
[3056.07246014  691.46223371]
[ 783.89037767 2209.92300199]
[1071.65119663   79.92066761]
[4696.36191324 2658.91188933]
[2061.38480287 2578.62998179]
[ 611.01816224 2730.4563249 ]
[2469.17458739 1486.71246072]
[3026.6275107  2111.63006848]
[4159.28845202 2902.83947728]
[3626.84153381 1234.15157562]
[508.24536289 418.40205289]
[4297.36550972 2489.83727467]
[3938.75780755 3117.52372307]
[4401.20948085  927.40048126]
[3615.56601421 3029.93926551]
[4495.03734371 2405.3955945 ]
[3695.10944332 3030.61759251]
[3566.91162461 2672.23254077]
[3956.94948616 3348.96260879]
[4795.91997356 2892.60427522]
[4507.59197549 1890.25082404]
[ 832.86483062 2358.61036255]
[4849.83580326 1414.35891623]
[4399.06238009  561.04697443]
[1704.51200348  897.01133298]
[4612.64549157 1008.33175152]
[ 959.05687028 2906.48504377]
[4075.90180054 1980.37470037]
[1941.33974922 1208.05016395]
[2577.94361538  793.83918476]
[2822.52186554   75.26905587]
[1600.75581416 1263.27296765]
[2997.95484008  741.10456649]
[3238.75835091 2735.18466614]
[3607.44967805 1554.95284932]
[ 526.993696   2214.02616116]
[3329.59367013 2874.54905936]
[1944.5167046    79.51857895]
[4487.95708435 1387.53662825]
[1745.1746092  1428.79807005]
[2025.95135695 2665.13638612]
[5056.76036698 1842.21822843]
[4553.39165011   90.88804975]
[4854.91418932 2103.97973432]
[ 895.34005804 2511.13799868]
[4910.94373375 3071.19398848]
[2190.56241496 1338.08336378]
[4884.24706755 2746.43754835]
[ 118.19011308 2344.05848119]
[987.26538247 453.64850976]
[5070.73927987 2859.34145373]
[782.76627285 299.41489856]
[2576.29565578 3055.21177574]
[ 623.75584956 1428.37244605]
[1019.86231839 3371.27441188]
[3971.8239074  2643.38754625]
[3410.57018119 2421.65298996]
[2272.28001306 2439.83119648]
[2089.50324887 2473.51587457]
[2853.43677231 1584.49807402]
[1842.27406578 1413.65391968]
[1034.31248006 1971.61239175]
[4899.44727682 3278.7975086 ]
[ 377.20353493 2298.50140849]
[3141.92544578 2834.8956194 ]
[1366.13712859 1278.68596333]
[2667.41182392 1787.38511023]
[4640.38599728 2186.51784699]
[3903.52523745 2404.03864505]
[2755.71970391 1341.43330387]
[1976.12354793  572.00754163]
[4686.8060478  2926.52671767]
[4437.40849658 2544.93921512]
[4834.76642606  376.40790604]
[4032.38033928 1590.81698668]
[2626.62626856 1459.98178905]
[ 489.37508119 3372.79883576]
[1246.69139342 1224.01991291]
[4847.60434673 2849.76546576]
[2517.7934727   109.30361326]
[1580.90555643  152.25944528]
[4455.05422549 2731.97352804]
[2314.55932106  718.85083335]
[4615.15627343 2465.49760566]
[2708.31805412  827.86865897]
[ 972.96469879 2201.86294167]
[433.66162719 965.93336661]
[2787.76997568  422.9865093 ]
[3650.35286371 1890.22505302]
[1851.51812587  263.12124262]
[2904.22952554  978.32475381]
[1900.43465715 2094.99477291]
[4801.55769403 3164.31359109]
[1048.241251   1509.70997013]
[ 418.44523509 3049.56086794]
[ 226.88938395 3059.63617645]
[1245.68801483 1372.73616535]
[1878.42893421 1251.7090247 ]
[3084.71578745 1621.1582662 ]
[1569.09840534  954.33471648]
[4515.78370225 1553.08067675]
[2066.06999304  991.93158294]
[1176.71486306 1050.36886186]
[2680.19367538 2543.04768989]
[4809.27933374 1868.99905914]
[ 771.59703174 1308.25554853]
[4263.05433592   93.74201432]
[4513.08231794  265.05115433]
[2159.99068537 2209.87665033]
[1147.06689081 3361.44749573]
[5016.77442084 2745.29602099]
[4551.16936278 3040.83394754]
[ 553.67323257 2945.83746172]
[2342.63088075 2779.11992959]
[2749.56468435 2053.6666632 ]
[1069.69242242  597.04448187]
[3506.55965643 1676.46059759]
[3807.85574443 1758.90766794]
[4635.52302684 1292.21700556]
[4073.6633162  2224.87074786]
[3280.06471859  597.81288202]
[2972.627214    808.00144906]
[4485.6876025  734.9580677]
[1070.66619381 1660.82555532]
[4082.07238289 2779.73582022]
[5072.68301414 2688.6981911 ]
[3036.00146569 1342.17686255]
[2970.41552427 1622.71249492]
[5078.45755732 2992.11391668]
[3368.82531499 3282.72649481]
[2185.38665358  460.31745009]
[1784.37283488 3214.19523353]
[3495.35471745 1896.10169317]
[1659.59464956 3355.91589127]
[4441.65879862  259.6160035 ]
[4416.07244625 1215.50037197]
[4984.69396157 2362.69588464]
[2437.77612581 3286.94110528]
[2501.42013202 2507.35418117]
[1778.85792287  346.59679602]
[ 604.98818502 2151.61938523]
[2888.62455103 1841.76353736]
[4413.68033586  305.16277596]
[3624.416831    694.51155912]
[2642.77037807 2209.76935023]
[3405.12067989  547.65348822]
[4757.11350669 2944.64979957]
[4393.67175174  666.483212  ]
[2630.01312938  929.09393543]
[2550.34341321 1290.61316255]
[3520.53283293 3355.28920746]
[1405.61602087 2288.64176056]
[3875.20200697 3266.51042476]
[2500.59149075  987.11845121]
[1275.13697436 2806.38324349]
[4529.47948607  861.12836939]
[ 639.60731277 1232.21471769]
[4760.52690894 1610.67670595]
[ 437.34687694 2876.61480947]
[3451.99697784 1162.6422226 ]
[5075.5665262  2452.00267208]
[2058.30856083 1467.56854576]
[4573.53468034 2152.96893862]
[2785.11778749 2446.24318485]
[4668.3793883  2049.13187092]
[1359.21086013   68.92597579]
[1853.42467313 3081.00403822]
[2989.39314356  590.58005889]
[  48.67567979 2857.20346265]
[1301.4391425  1983.46534911]
[2901.93619649 2559.76454605]
[3536.08633671 2588.65961945]
[4676.09478163 3130.74303535]
[1453.57704254 2631.28269438]
[2804.18836107  917.05903835]
[4956.13723729 2447.74258982]
[ 661.3695954  3181.40495434]
[ 274.63606265 1962.89262928]
[2004.77153985   36.30087382]
[2977.74448833 1838.83432985]
[1171.57907238 3125.8245593 ]
[1515.32322517  935.8976316 ]
[4618.13890957 2661.24953238]
[2459.05668501 2146.87840273]
[4964.99919821 2854.76240155]
[2905.24696829 1127.38470217]
[4654.18552493 1930.99335805]
[4870.60131455 1652.31698624]
[2799.99551941 1722.278038  ]
[4611.18436327 1154.5479295 ]
[1131.49060904  945.5645404 ]
[3040.16468842 1099.50348121]
[4439.00966229 2850.15412588]
[2149.27979937  534.29667692]
[2250.03459604 2338.32080475]
[2702.0098106  1239.89782386]
[3646.90570329 2166.68142603]
[701.75618728 908.88699583]
[4813.93866869 2586.58842626]
[  94.74814182 3351.32217539]
[ 719.24939732 2914.64136891]
[1116.45243367 2005.57876999]
[2896.47441378 2786.49816839]
[1903.09869726 3251.30777534]
[2706.94912295 2732.33797145]
[ 221.17316894 2966.49748961]
[1991.84694668  424.7489794 ]
[4151.77292655 1873.97355042]
[ 694.59893369 2344.29744589]
[3668.325055   3209.46310246]
[ 943.16096202 2277.67199013]
[4529.8200516   397.26880814]
[4952.19502266 2655.49722511]
[3782.86192819 2113.32460544]
[ 560.53531171 1300.20732269]
[4783.76271802 2375.08612154]
[1467.69046356 2750.94181621]
[3075.39012451  201.06869301]
[1578.99987574  860.90601178]
[4263.17636401   31.45827247]
[4723.9466566  1777.18560144]
[3178.14238244 2268.04214302]
[1580.59120695 3288.61292763]
[3028.84367913 1192.73931007]
[5069.71061359 3144.74214648]
[3346.77377208 3211.77019206]
[2031.17358428 3264.04087914]
[3481.35802959  274.96701232]
[1589.59224859 2531.50066522]
[2062.35734602 1134.47364038]
[3059.27236641 2697.19886129]
[3478.20941133 2210.25727812]
[3761.53268606  826.93891658]
[3657.48252629 2883.77816189]
[1798.6220105  1049.72188878]
[1772.95440288 3031.10743877]
[4938.00478173 2238.9489751 ]
[4289.83511524 3276.54711542]
[2169.06356148 1099.66460434]
[1716.17365223  192.93458671]
[1694.17120853 2873.53151412]
[862.92771636 820.19525852]
[3842.20983922 2828.88115565]
[ 759.66558151 2819.77798341]
[3020.06393073   35.22103096]
[2574.40853692 2428.64043186]
[ 889.90461419 1233.37158062]
[3144.18810144  655.78511068]
[4791.71594331 3004.06986126]
[2373.77411424 3127.78417828]
[4353.07942344  335.63901407]
[4347.03847502 1648.57782661]
[5011.00308118 3369.48262334]
[4037.93946775 2592.90207942]
[2108.90044857 1666.91097469]
[2520.53628677  365.75430338]
[3088.76317073 3367.80049215]
[3769.98988713 1989.68439304]
[2607.62057755 1078.19724405]
[2386.84983211 1256.60352345]
[4632.75487698 1409.49358005]
[2537.99744208 1608.39578971]
[2994.21385434 2791.62023664]
[2254.90849819 1974.95740404]
[4379.92988406  156.06295395]
[853.87382269 922.16164287]
[3403.11779314 1624.07659716]
[ 425.59484259 3348.77599183]
[4418.00292455 1680.16828763]
[2855.49799041  796.89785359]
[ 723.23771174 2499.07538662]
[3651.58392894 2792.45185773]
[2957.00886108  263.72427351]
[4339.37248135 2649.30901605]
[4785.58053287 2226.95340941]
[1031.59862172 1280.22580104]
[1594.59123977 3055.11943632]
[3163.37115532 3118.89318718]
[1775.917263   1257.36297906]
[4299.55105905 3203.47678879]
[4518.63583075 1097.46024158]
[4730.11451082 3306.14779358]
[3303.07502467 3095.29135545]
[1240.64003913 2656.3660849 ]
[1290.60784608 1168.16741168]
[3508.87405284 3110.39178238]
[4316.80949183 2201.68612141]
[159.63155089 390.14679259]
[2751.24068277 1041.62055566]
[4298.18590496  602.65791802]
[4899.6546508  3357.61137263]
[ 194.62097567 2196.56842739]
[699.1347863  733.83286552]
[4340.9526931  1187.17186953]
[ 300.16613668 2761.16172963]
[4851.02237687   87.59483534]
[3695.21994499  901.9004211 ]
[ 379.55123404 1499.07663723]
[2355.2247869  1742.63310726]
[2386.14399288 1470.28659939]
[3590.78482597 2366.90856089]
[1420.10561143  905.87908511]
[3135.66193303 1073.85694042]
[2207.13957127 3291.62607151]
[ 76.32444195 536.97443855]
[1837.6772532  2287.16316878]
[ 577.64050863 1545.24573271]
[ 584.59016908 1822.49961799]
[ 291.78630367 2539.9358733 ]
[2636.06011654  461.61375892]
[4440.22232506  141.65176641]
[4655.53673616 2263.04664399]
[4260.92696106 2686.25903195]
[3014.70712116  342.53091568]
[3136.03490197 2341.76426025]
[3985.97245876 2309.98692652]
[1727.6754114   777.69276673]
[4301.7167256  2992.45137662]
[4419.07966483 1469.30242327]
[1801.84455698  473.96103122]
[4575.69931669  280.52374256]
[ 101.6799527  3018.83008018]
[4830.50397592 2782.27937923]
[4315.36641911 2409.34782325]
[3701.72186435 1548.92132397]
[ 195.58478606 2345.00689818]
[2158.28707327 3058.53867826]
[4314.59268321 2775.95775764]
[1122.63955232 2159.96678453]
[3979.47455055 2913.2181488 ]
[3067.40293698 2528.30987932]
[1575.13979196 2861.13634086]
[898.61756779 334.59112887]
[1031.89940755 3152.67972896]
[1491.55345546 2223.25663618]
[4477.89133049 1291.51874067]
[3395.29503277 1798.48195464]
[2644.92009877 3361.79570212]
[1293.73655583 3086.50571616]
[2465.19497487 2691.99409468]
[3530.69005111  410.21190209]
[1349.69095936 1439.17559185]
[2444.09554383 1910.99894921]
[2057.78948811  169.64381124]
[3087.23232709  958.83078724]
[849.03111148 654.94862267]
[2293.02160191 1643.71886724]
[357.22960732 364.47002462]
[3964.68592421 2543.53115398]
[4119.64092707 2847.96113863]
[2551.98578167 1497.2142468 ]
[4564.29292713 1507.68468504]
[4865.02793277 2217.94363841]
[2566.35997492 2723.84376516]
[3982.54295327 3037.86020743]
[3175.72317613 2511.19285274]
[4497.08698657   28.21593768]
[1477.27738631 1469.93858328]
[4155.62792925 3063.35166476]
[1910.42501817  972.04822387]
[1496.62078873 3359.82145956]
[2790.66041013 1586.95137592]
[4400.79705675  436.60461213]
[981.47457058 205.63858539]
[3616.21379706 1000.61675124]
[4917.92672624 1970.43284257]
[2221.58827215 2077.77146007]
[4525.80806784  466.17045008]
[72.2740711  57.60018794]
[3395.20361252  229.37443725]
[3094.65664895  417.74214972]
[2186.95605273 1161.16393694]
[4373.93569213  785.29279322]
[1811.50878188   78.36069155]
[4067.66593454 3005.56449958]
[ 748.66745158 1221.36951894]
[4208.77180341 2096.0149408 ]
[5065.47516058 2235.09819425]
[4651.239048   1620.48964751]
[1340.42571719 2929.9790371 ]
[4879.04298874 2444.10859267]
[3009.2789743  1505.34836144]
[4444.02249514 1889.08972397]
[1951.39475018 1848.23097683]
[3743.76324518 3108.15848083]
[1913.79863938 2775.53646487]
[1221.24809717 2505.72187902]
[1685.57328975 1872.28578461]
[ 941.30278004 3052.62873576]
[1203.3796421  2432.43288447]
[2307.23265311 2040.87727168]
[3570.88533975 1846.69788165]
[4233.10498496 2180.50934791]
[1393.85547528 3243.03769019]
[2675.78420565 1381.55524221]
[4680.52243382 1715.00547641]
[2756.01309632 1473.44812027]
[1773.35626323 1837.63272519]
[1726.47103619 3369.4939529 ]
[2217.21935574 1281.12523023]
[3066.31206996   87.99044348]
[1440.58176534 1163.86846588]
[1148.40486091 2584.74135353]
[4586.63834281  622.90409305]
[4056.92999354  789.81915289]
[2832.69804186 1986.27163448]
[4709.21160873 3366.7712727 ]
[4534.82165984 3276.13282576]
[ 524.87164498 2009.81115916]
[5002.58338962 2111.71460987]
[4548.21648303  731.24578399]
[842.61122285 371.50685914]
[3107.95189859 1938.49977462]
[1288.82692577 3215.19821209]
[4322.01727978 3365.80949387]
[1338.2229137  2745.98662148]
[4706.16709923 2200.75970663]
[3753.85017891  559.59634224]
[ 537.727798   2760.14623441]
[ 620.28307772 3294.65568811]
[1497.50584998 2454.64226759]
[4607.38853624 2091.91535821]
[2044.47367126 2348.59253088]
[4381.07409436 3080.99559709]
[1196.8575105  3286.72869302]
[4216.49367753 1957.66264   ]
[2050.08613939 1251.20658728]
[4943.99569777 3197.55338479]
[4265.56931887 1733.71599073]
[1434.59219969  204.02672606]
[608.2324638  896.63821595]
[ 336.34259849 2959.13953612]
[1730.74304939 2066.48107279]
[1040.60289943 2479.17891587]
[ 730.76176166 3109.18813841]
[2332.9461803  1254.59347922]
[1025.03311478 2749.67108754]
[4086.16284435 2440.52664685]
[3707.45725132 1739.54794473]
[ 948.52062197 1648.56008436]
[1681.00444113 1241.11420048]
[2472.0397632  1671.05244063]
[2016.0787217  1974.47894442]
[2743.37381187  888.26557258]
[2926.74154086 1729.47749356]
[4557.74257886 1815.70756722]
[1006.37944379 1574.16261005]
[3395.91236163   85.50874994]
[ 546.07444016 2419.56441337]
[1538.5528574  3161.51120594]
[  55.94892531 2710.40032737]
[1120.19319011 2447.53245188]
[ 198.11632159 2567.27932766]
[1240.11149891  251.74010438]
[ 291.39777429 2112.16149776]
[3519.49538813 1985.94392988]
[3743.57604455 2230.27415803]
[1513.65414518 1977.55727389]
[4558.71249614 3370.68916275]
[2050.99460791  467.98547176]
[2600.72352968  639.23126275]
[2143.12334945 2542.95106139]
[4860.77226831 2350.3704106 ]
[ 930.21387923 1043.94809052]
[1888.29375204 2925.79381327]
[1001.28764692 2105.71079103]
[ 869.2481017  1379.31544886]
[4630.77484337 3246.87112569]
[1640.2123783  2184.56079672]
[1583.62094731 1141.94051508]
[ 928.13291655 2749.32959723]
[2758.89974767 1878.06150354]
[1366.3385092   396.31297327]
[3046.24486724  594.87965558]
[3483.04968512 2055.31387079]
[2947.55718239 2165.86562653]
[4596.16209313 2301.70410453]
[1355.1857566 3200.761192 ]
[3310.88658395 2792.40819524]
[2068.72055253 2750.88650708]
[3115.25860194 3282.13099111]
[2291.47447205 2694.72024025]
[ 845.33794683 2276.62977032]
[1970.24170673 3139.3791192 ]
[2469.76163425  534.00186008]
[2666.4848693  2014.84274805]
[5019.48633529 1977.51628083]
[3456.68064507 3046.44372085]
[2133.91914435 3373.81708885]
[5071.66246268 2082.54984055]
[678.19781471 378.6359415 ]
[1481.97980145 2893.28977369]
[4111.39526303 3141.05511308]
[2998.5043157  1720.09373227]
[1108.54418004 1205.05756783]
[1110.65518488 3006.64144722]
[4386.46747064 2333.36581234]
[4373.75588911 2570.90482658]
[2405.74517164   39.93990009]
[4291.97426201 1991.97252409]
[1642.6629267  1174.32724815]
[4831.40682567 3293.59615845]
[1231.57862449 2163.94396186]
[4976.34223091 1226.09128768]
[3689.63534567  556.65372262]
[1994.2396439   780.76471202]
[1462.37599056 2954.75038742]
[4981.68795064 1733.77304116]
[2978.45320678 2250.82004045]
[ 620.68532388 1303.77458255]
[  43.56061824 2530.44719414]
[1865.77160251 2635.33709867]
[2911.84182881  843.31573778]
[2180.54247145  310.55538972]
[3804.13299368 1254.91423214]
[2482.89983212 3369.13228628]
[3328.17540855 2556.06106501]
[3044.29692993 3162.35983783]
[2595.58694221 1570.24275552]
[2011.78551764  672.66455853]
[3885.22708676 2203.17539457]
[1512.0109693  3272.33801314]
[4646.09127554 3008.32215837]
[2527.40013805  665.31277842]
[2762.83643294 3212.63748277]
[1844.96122871 3273.64314754]
[2245.19093663  223.53159992]
[3245.63532426 2435.19749819]
[2377.85181679 2212.95667796]
[4577.89147867  143.74270414]
[3899.54639724 2009.65061066]
[ 901.50402675 3194.04329615]
[1545.09380268 1284.68817161]
[4279.60610981 2886.90418546]
[ 605.49379753 2559.19395328]
[4340.39939382 1402.89663966]
[2523.14836791  882.7173226 ]
[ 440.62132723 1248.8568624 ]
[4557.30133484 1209.86621984]
[3712.91577812 2701.75121091]
[ 652.05540282 1567.53966405]
[1147.91460619 2743.24786257]
[  40.6620846  1873.36337323]
[594.23924486 219.49739554]
[2670.77618082   39.33809553]
[ 325.60291472 2842.20574776]
[3453.96936943 2959.79178252]
[1643.51398056 3232.55294999]
[2615.23406695 1333.06898287]
[2716.02935959 2368.45759091]
[2874.99769167 1676.37613757]
[ 319.33202261 2378.05091981]
[3751.41119537 1431.17094445]
[1665.60553143 1430.53777842]
[2356.70401626 1403.1257234 ]
[ 157.22251274 2702.17548828]
[2975.81708414  941.92418324]
[3400.37613653 1062.59981929]
[4270.22081004  248.69548476]
[1698.35603603 3183.33456162]
[4824.07977337 2697.19483182]
[2561.097976   1023.34431605]
[4495.51487165 3097.47220477]
[4673.02243171 3190.64435823]
[3498.75286246 3264.2065875 ]
[3757.18389147 3313.07749313]
[3338.15316079 2221.78937447]
[4346.90666872  543.73092258]
[1326.07940665 2134.76510177]
[2344.51803148 2941.95545173]
[2183.92523125  185.17017265]
[1740.88221486 1559.48835039]
[2219.61295264 2268.46677085]
[4402.66482297  993.70094387]
[1123.4699207  2315.16505393]
[3522.26787922 1259.39275167]
[3439.39988067  321.08461763]
[1908.35774636  858.56183127]
[2852.39301819 3251.39180625]
[1677.84229301 3068.549029  ]
[3042.5242276   799.18343396]
[4453.74598779  552.42015622]
[685.74538359 684.08124495]
[4193.20186563 2326.21059372]
[1975.30183452 1599.79928964]
[3620.52993484   40.47875898]
[3227.43840196 3105.15265031]
[2633.87122648 1213.41913845]
[1417.66057063 2510.55459427]
[1205.46754868 2992.3192643 ]
[ 781.63661166 3295.9782569 ]
[  47.39787969 2310.10956683]
[1210.00846336   53.62268071]
[1778.91182792 2530.09853587]
[ 587.68445392 1454.59581664]
[1798.66012075 1144.43350042]
[2798.12577843 2788.70479071]
[3582.71004845 2941.81727539]
[1585.58443088  749.10691056]
[3017.70052205  219.74256268]
[2374.11315093 1688.40810098]
[5052.68005932 1596.52785084]
[4597.135879    839.24562416]
[2918.54277527  508.47606606]
[ 244.40906845 3145.74432419]
[3796.31814787 3007.24257265]
[1089.28106308 3359.33578781]
[ 340.72252142 3029.0485343 ]
[4777.73913295 1949.67523817]
[2889.60348413 1045.42207869]
[2760.36014711  131.2033533 ]
[ 675.76813243 2099.34165584]
[2242.35496145 1355.0594137 ]
[4175.03038484 2638.37713885]
[2787.39983024 3355.08928836]
[2153.84969781 2381.41648915]
[1996.50602494 2808.01219336]
[ 494.44482957 1368.72086682]
[3312.0043655   994.73103994]
[3833.12425391 1946.20782547]
[4603.44280082 2726.32873446]
[2435.78428415 2411.02664636]
[1281.22921957 2578.24391396]
[3885.26233828 3362.30995061]
[4407.721163   1282.15072684]
[2449.13303274 2063.69949079]
[1401.3370175   704.06984469]
[2679.68914672 1566.21901454]
[1133.0899239   377.01457208]
[ 687.16016861 3318.7771119 ]
[ 531.79148475 3205.83117538]
[2524.64449074 3151.56494354]
[4645.09607234 2604.35437586]
[2480.32972516 1108.95289105]
[2858.72163868 2867.4550193 ]
[3134.00677908 2649.15720411]
[1950.53996857 1437.3125662 ]
[2563.07974603 1134.67231442]
[4901.15496348 2960.52972959]
[3319.62006373 3008.32568984]
[4499.00178189 2189.38762328]
[2593.50953878 2296.15611536]
[255.65411134  62.08769792]
[2971.16324102  873.62028066]
[ 844.88163133 1514.45445038]
[2880.18448812 1515.70951521]
[2459.9370589  1245.14138739]
[2829.90172004 2291.47807479]
[1575.43770027 2745.14021191]
[1327.34133666  538.47261794]
[3567.87516441  469.98115695]
[2066.8548989  2935.38219161]
[317.84395515 736.53129111]
[ 663.28080809 3248.03276137]
[  44.05670278 2161.20432807]
[1981.81807383 1090.04097073]
[3188.91249503 3243.04639216]
[2762.21040635  615.53630266]
[2437.77072439   97.33209958]
[2264.39108412 1804.59946584]
[3485.05216446 2672.94728248]
[5061.70078464 1725.03379919]
[4558.80980782 1284.82126686]
[3127.9108657  1743.22918492]
[2743.88406907 2992.07661957]
[3020.44349709 2931.92995137]
[1638.78632605 1923.30968155]
[2954.20704767  646.60077363]
[3660.24916018 2021.00385017]
[2064.63162594 1414.85070931]
[2584.22542307  378.61515838]
[1658.35346081  947.19584678]
[1670.89997291 2356.42753678]
[4669.6887661  2329.99083033]
[1987.23070245  364.31957253]
[3529.11125299 2498.11099055]
[1759.6116603  2815.59325281]
[3738.10165967 1895.56568996]
[ 806.21828122 1838.97588361]
[2565.04146515 1432.30338814]
[3799.68757794 2423.0751969 ]
[2835.71753839  328.20507025]
[3566.36804594 1438.44486565]
[ 668.25737699 2822.12700889]
[5002.78261265 2285.75088569]
[4375.41332397 2088.42494141]
[1812.62040723 1943.33256948]
[3382.66098442 2010.70007781]
[2930.30616829 3195.8816798 ]
[4770.78968699 3062.69355106]
[841.92761157 737.52107524]
[ 290.17006376 3304.56952412]
[3911.02350671  736.0859805 ]
[3811.16933466 3365.04354009]
[4463.87208727 2315.49771321]
[1002.80703179 2978.09800954]
[4992.19632947 2588.05338287]
[788.3713537   66.01799403]
[4369.38625793 1940.81377553]
[1109.33456231  217.16026355]
[1663.00423252  698.63403679]
[4282.41415914  394.73186286]
[4857.14402543 1795.0905045 ]
