[3006.26954306  362.92954746]
[1982.27444553 2230.66804862]
[4664.99587499 2316.13855279]
[ 335.48088587 2310.40408521]
[825.04512233 426.16932433]
[2621.54976519 1173.09318588]
[4476.5201481   496.65561628]
[3751.27553434 2987.18932796]
[2756.33590075 2946.33681633]
[1531.72934636 3074.21851675]
[ 773.20941145 1315.20462666]
[3582.10374001  914.3227148 ]
[2093.32972552  347.04962237]
[4558.30381673 1580.99197345]
[ 463.47471996 3090.9866745 ]
[3670.6990204  2109.24484028]
[4694.04226289 3048.34911156]
[1667.34251051 1138.19735061]
[2827.57008008 1845.57719368]
[1099.27996181 2395.41057274]
